# Actions and States
# action[0], ..., state[0], ..., command[0], ...
-0.8796668649 0.0589005351 -0.1040003374 0.1364152730 0.0734758377 0.3995459202 -0.2622683429 0.2273423484 0.0000000000 0.0000000000 0.0000000000 0.7905532731 -0.6123932743 -0.0000000000 0.6123932743 0.7905532731 0.0000000000 0.0000000000 -0.0000000000 1.0000000000 0.0000000000 0.0000000000 0.0000000000 -0.0000000446 0.0000000001 -0.0000000063 -0.0000044700 -0.0000000112 0.3996171653 -0.2622685134 0.2273524404 0.0142333200 -0.0000559212 0.0020161667 0.7905641895 -0.6123791817 0.0000000000 0.0000000000 0.0000000000 0.0035585629
-0.8664178848 0.0687388033 -0.0880806521 0.1318188906 0.0700809360 0.3995459194 -0.2622683430 0.2272893132 -0.0000004848 -0.0000000484 -0.0212140987 0.7905868172 -0.6123499640 0.0000784501 0.6123499595 0.7905868210 0.0000743659 -0.0001075596 -0.0000107538 0.9999999942 0.0297473900 -0.0313722859 0.0219134440 -0.0000002673 0.0000000005 -0.0000001704 0.0000369611 0.0000000701 0.3997060359 -0.2622689605 0.2273650318 0.0213073548 -0.0001256075 0.0030242195 0.7905777869 -0.6123616174 0.0000784490 0.0000000000 0.0000000000 0.0053252872
-0.8486952186 0.0777086765 -0.0692547187 0.1264467388 0.0657950640 0.3995459034 -0.2622683447 0.2271072004 -0.0000061550 -0.0000007093 -0.0463274983 0.7907038863 -0.6121987028 0.0003354380 0.6121986096 0.7907039546 0.0003442905 -0.0004760063 -0.0000668772 0.9999998845 0.0708019014 -0.0635672042 0.0491378009 -0.0000008457 0.0000000025 -0.0000009728 0.0002061248 0.0000006778 0.3998301923 -0.2622698247 0.2273826748 0.0283521842 -0.0002229196 0.0040322351 0.7905966471 -0.6123370940 0.0003353777 0.0000000000 0.0000000000 0.0070661443
-0.8311269283 0.0801885575 -0.0548947453 0.1223164499 0.0617306828 0.3995458230 -0.2622683562 0.2268077204 -0.0000249804 -0.0000039047 -0.0685120058 0.7909018487 -0.6119426252 0.0006994312 0.6119421147 0.7909021270 0.0008207937 -0.0010554603 -0.0002211558 0.9999994185 0.1114629339 -0.0758700473 0.0749785598 -0.0000019570 0.0000000077 -0.0000030548 0.0004992107 0.0000024410 0.3999895155 -0.2622712255 0.2274053544 0.0353672169 -0.0003477141 0.0050402018 0.7906204644 -0.6123057274 0.0006990539 0.0000000000 0.0000000000 0.0087674578
-0.8143815994 0.0774596632 -0.0446630232 0.1193468273 0.0579017513 0.3995455874 -0.2622684018 0.2264069287 -0.0000651844 -0.0000138660 -0.0874966871 0.7911755393 -0.6115881887 0.0010739830 0.6115865904 0.7911760943 0.0014934133 -0.0017630636 -0.0005247185 0.9999983081 0.1496816775 -0.0721915098 0.0992141295 -0.0000037776 0.0000000184 -0.0000069881 0.0009082069 0.0000059592 0.4001838267 -0.2622733414 0.2274330705 0.0423518680 -0.0004998477 0.0060481071 0.7906490692 -0.6122677094 0.0010726983 0.0000000000 0.0000000000 0.0104335313
-0.7986435890 0.0716316849 -0.0370001197 0.1171340421 0.0542810857 0.3995450676 -0.2622685344 0.2259204968 -0.0001340249 -0.0000372075 -0.1034068888 0.7915201659 -0.6111414411 0.0014021265 0.6111377521 0.7915207744 0.0023477009 -0.0025445896 -0.0010013602 0.9999962612 0.1847775194 -0.0599412304 0.1219409635 -0.0000064842 0.0000000375 -0.0000132654 0.0014255173 0.0000117924 0.4004129767 -0.2622762918 0.2274658382 0.0493055619 -0.0006791771 0.0070559387 0.7906825001 -0.6122232192 0.0013989117 0.0000000000 0.0000000000 0.0120775881
-0.7840527892 0.0641506314 -0.0308444388 0.1153974161 0.0508513153 0.3995441014 -0.2622688454 0.2253632812 -0.0002377023 -0.0000823501 -0.1164191025 0.7919312642 -0.6106079975 0.0016571542 0.6106009571 0.7919312701 0.0033667007 -0.0033680866 -0.0016543356 0.9999929596 0.2163501900 -0.0440355989 0.1432485271 -0.0000102531 0.0000000681 -0.0000223027 0.0020439418 0.0000204638 0.4006768167 -0.2622801960 0.2275036424 0.0562277213 -0.0008855590 0.0080636842 0.7907209193 -0.6121723446 0.0016504897 0.0000000000 0.0000000000 0.0137142740
-0.7707285285 0.0558958538 -0.0255753938 0.1139673814 0.0476012528 0.3995424986 -0.2622694721 0.2247491713 -0.0003814080 -0.0001588125 -0.1267368919 0.7924046252 -0.6099930819 0.0018302972 0.6099812657 0.7924028743 0.0045321480 -0.0042149117 -0.0024748480 0.9999880548 0.2442064701 -0.0272874179 0.1632175147 -0.0000152606 0.0000001136 -0.0000344444 0.0027566319 0.0000324612 0.4009751976 -0.2622851729 0.2275464684 0.0631177798 -0.0011188502 0.0090713315 0.7907645311 -0.6121150586 0.0018181326 0.0000000000 0.0000000000 0.0153559726
-0.7587562799 0.0473937094 -0.0208498724 0.1127446443 0.0445226058 0.3995400461 -0.2622706009 0.2240909697 -0.0005693659 -0.0002765274 -0.1345862880 0.7929362497 -0.6093015734 0.0019226409 0.6092834806 0.7929310856 0.0058252770 -0.0050738722 -0.0034476400 0.9999811846 0.2682891214 -0.0112059877 0.1819220921 -0.0000216837 0.0000001768 -0.0000499679 0.0035570690 0.0000482389 0.4013079405 -0.2622914016 0.2275943458 0.0699751601 -0.0013789077 0.0100788679 0.7908135336 -0.6120512370 0.0019023903 0.0000000000 0.0000000000 0.0170115453
-0.7481751442 0.0389633477 -0.0164847188 0.1116703451 0.0416084975 0.3995365123 -0.2622724675 0.2234002962 -0.0008048615 -0.0004452364 -0.1402101175 0.7935223236 -0.6085380489 0.0019403459 0.6085121728 0.7935116263 0.0072273403 -0.0059377986 -0.0045543317 0.9999719999 0.2886298051 0.0034585526 0.1994313672 -0.0000296992 0.0000002606 -0.0000690896 0.0044390555 0.0000682191 0.4016748965 -0.2622990310 0.2276472598 0.0767993107 -0.0016655884 0.0110862823 0.7908680967 -0.6119806905 0.0019089058 0.0000000000 0.0000000000 0.0186862828
-0.7389765978 0.0308023673 -0.0123877898 0.1107090637 0.0388527326 0.3995316522 -0.2622753543 0.2226875266 -0.0010902769 -0.0006739976 -0.1438600261 0.7941592047 -0.6077068194 0.0018918946 0.6076717007 0.7941404577 0.0087199521 -0.0068016044 -0.0057753794 0.9999601908 0.3053204303 0.0163914649 0.2158103441 -0.0000394846 0.0000003671 -0.0000919711 0.0053967074 0.0000927940 0.4020758867 -0.2623081207 0.2277052104 0.0835896656 -0.0019787492 0.0120935617 0.7909283546 -0.6119031987 0.0018456821 0.0000000000 0.0000000000 0.0203823795
-0.7311094999 0.0230324436 -0.0085180430 0.1098385006 0.0362490676 0.3995252111 -0.2622795861 0.2219617743 -0.0014271405 -0.0009708218 -0.1457878618 0.7948434154 -0.6068119588 0.0017865174 0.6067662242 0.7948137903 0.0102853270 -0.0076612081 -0.0070912260 0.9999455087 0.3184955904 0.0275257254 0.2311205780 -0.0000512176 0.0000004976 -0.0001187250 0.0064244531 0.0001223267 0.4025107324 -0.2623188496 0.2277681977 0.0903456733 -0.0023182472 0.0131006930 0.7909944053 -0.6118185378 0.0017215230 0.0000000000 0.0000000000 0.0220995835
-0.7244901657 0.0157299694 -0.0048619425 0.1090444922 0.0337913968 0.3995169293 -0.2622855239 0.2212309136 -0.0018161944 -0.0013424401 -0.1462377393 0.7955716397 -0.6058573251 0.0016333068 0.6057997158 0.7955280892 0.0119064502 -0.0085129515 -0.0084829773 0.9999277818 0.3283204876 0.0369313300 0.2454205236 -0.0000650766 0.0000006522 -0.0001494215 0.0075170239 0.0001571535 0.4029792845 -0.2623313367 0.2278362215 0.0970667899 -0.0026839396 0.0141076650 0.7910663134 -0.6117265013 0.0015451587 0.0000000000 0.0000000000 0.0238358548
-0.7190122604 0.0089396685 -0.0014188429 0.1083170846 0.0314734317 0.3995065454 -0.2622935583 0.2205016379 -0.0022574742 -0.0017941919 -0.1454397508 0.7963407196 -0.6048465778 0.0014407360 0.6047759702 0.7962800745 0.0135672013 -0.0093533047 -0.0099327923 0.9999069233 0.3349827486 0.0447513046 0.2587658353 -0.0000812400 0.0000008300 -0.0001840945 0.0086694499 0.0001975848 0.4034813344 -0.2623457313 0.2279092669 0.1037524715 -0.0030756835 0.0151144648 0.7911441140 -0.6116269128 0.0013247721 0.0000000000 0.0000000000 0.0255879546
-0.7145569324 0.0026838714 0.0018041710 0.1076489612 0.0292887930 0.3994937999 -0.2623041024 0.2197795441 -0.0027503967 -0.0023300112 -0.1436054817 0.7971476528 -0.6037831896 0.0012164131 0.6036986112 0.7970667161 0.0152524428 -0.0101787310 -0.0114241021 0.9998829348 0.3386855410 0.0511638903 0.2712095293 -0.0000998871 0.0000010284 -0.0002227469 0.0098770484 0.0002439067 0.4040167332 -0.2623621523 0.2279873639 0.1104021743 -0.0034933360 0.0161210801 0.7912278166 -0.6115196332 0.0010677573 0.0000000000 0.0000000000 0.0273519401
-0.7110018730 -0.0030299928 0.0048002680 0.1070343554 0.0272312183 0.3994784377 -0.2623175847 0.2190692336 -0.0032938479 -0.0029524883 -0.1409253595 0.7979895904 -0.6026704560 0.0009669807 0.6025710989 0.7978852257 0.0169480802 -0.0109856468 -0.0129417170 0.9998559034 0.3396421128 0.0563579650 0.2828020966 -0.0001211971 0.0000012439 -0.0002653564 0.0111354161 0.0002963826 0.4045853019 -0.2623807192 0.2280704826 0.1170153618 -0.0039367550 0.0171275008 0.7913174091 -0.6114045626 0.0007806212 0.0000000000 0.0000000000 0.0291235555
-0.7082279325 -0.0082066674 0.0075627612 0.1064683795 0.0252942126 0.3994602105 -0.2623344431 0.2183744219 -0.0038862666 -0.0036629798 -0.1375676904 0.7988638334 -0.6015115030 0.0006981046 0.6013967347 0.7987330449 0.0186410965 -0.0117704332 -0.0144718600 0.9998259959 0.3380709884 0.0605204495 0.2935916419 -0.0001453500 0.0000014709 -0.0003118797 0.0124404160 0.0003552547 0.4051868320 -0.2624015510 0.2281586379 0.1235915050 -0.0044057975 0.0181337111 0.7914128616 -0.6112816393 0.0004689715 0.0000000000 0.0000000000 0.0308985261
-0.7061222792 -0.0128587401 0.0100876996 0.1059467793 0.0234717522 0.3994388794 -0.2623551189 0.2176980485 -0.0045257196 -0.0044617457 -0.1336789875 0.7997678294 -0.6003092930 0.0004145099 0.6001786663 0.7996078312 0.0203195667 -0.0125294701 -0.0160021557 0.9997934504 0.3341919348 0.0638276494 0.3036238925 -0.0001725260 0.0000017026 -0.0003622569 0.0137881655 0.0004207447 0.4058211446 -0.2624247968 0.2282518148 0.1301300824 -0.0049003209 0.0191396996 0.7915141296 -0.6111508363 0.0001375502 0.0000000000 0.0000000000 0.0326727670
-0.7045810819 -0.0170047134 0.0123739038 0.1054653153 0.0217575654 0.3994142156 -0.2623800517 0.2170423832 -0.0052099693 -0.0053481000 -0.1293850009 0.8006991680 -0.5990666306 0.0001200491 0.5989198914 0.8005074429 0.0219726538 -0.0132591839 -0.0175215858 0.9997585649 0.3282226850 0.0664412154 0.3129423678 -0.0002029052 0.0000019305 -0.0004164150 0.0151750250 0.0004930557 0.4064880610 -0.2624506056 0.2283500284 0.1366305649 -0.0054201828 0.0201454572 0.7916211568 -0.6110121571 -0.0002097021 0.0000000000 0.0000000000 0.0344425210
-0.7035126090 -0.0206684098 0.0144231599 0.1050203145 0.0201456118 0.3993860026 -0.2624096754 0.2164091252 -0.0059365334 -0.0063205609 -0.1247922531 0.8016555770 -0.5977861679 -0.0001822178 0.5976232619 0.8014299226 0.0235905914 -0.0139560945 -0.0190204267 0.9997216867 0.3203762795 0.0685062894 0.3215883579 -0.0002366683 0.0000021446 -0.0004742714 0.0165975802 0.0005723730 0.4071874022 -0.2624790370 0.2284532785 0.1430924386 -0.0059652408 0.0211509671 0.7917338776 -0.6108656301 -0.0005695707 0.0000000000 0.0000000000 0.0362044389
-0.7028349042 -0.0238752663 0.0162400324 0.1046077982 0.0186303761 0.3993540368 -0.2624444142 0.2157994934 -0.0067027317 -0.0073769895 -0.1199901243 0.8026349168 -0.5964704103 -0.0004899354 0.5962914873 0.8023734807 0.0251646529 -0.0146168597 -0.0204901734 0.9996831999 0.3108586409 0.0701504697 0.3296009779 -0.0002739959 0.0000023334 -0.0005357359 0.0180526357 0.0006588653 0.4079189301 -0.2625102997 0.2285615504 0.1495151818 -0.0065353531 0.0221562237 0.7918522194 -0.6107113040 -0.0009394854 0.0000000000 0.0000000000 0.0379556163
-0.7009623647 -0.0242090151 0.0184382759 0.1040490866 0.0172061026 0.3993181284 -0.2624846803 0.2152143066 -0.0075057294 -0.0085147201 -0.1150527131 0.8036351750 -0.5951217214 -0.0008013657 0.5949271378 0.8033364792 0.0266871125 -0.0152383141 -0.0219234565 0.9996435144 0.2998671373 0.0714847900 0.3370173393 -0.0003150685 0.0000024839 -0.0006007132 0.0195371974 0.0007526860 0.4086824656 -0.2625444531 0.2286748439 0.1558983177 -0.0071303770 0.0231612045 0.7919761042 -0.6105492428 -0.0013174388 0.0000000000 0.0000000000 0.0396935974
-0.6992484927 -0.0241488200 0.0202517528 0.1035703272 0.0158663783 0.3992780937 -0.2625308834 0.2146546043 -0.0083459641 -0.0097356966 -0.1098205623 0.8046545289 -0.5937422300 -0.0011196001 0.5935326292 0.8043173864 0.0281524436 -0.0158147808 -0.0233175104 0.9996030144 0.2880863194 0.0743230039 0.3438730246 -0.0003600668 0.0000025817 -0.0006691035 0.0210484564 0.0008539737 0.4094778597 -0.2625816464 0.2287931591 0.1622413099 -0.0077501703 0.0241659060 0.7921055139 -0.6103794148 -0.0017062306 0.0000000000 0.0000000000 0.0414183798
-0.6980748177 -0.0244382676 0.0214937609 0.1032320485 0.0146037089 0.3992337510 -0.2625834396 0.2141220193 -0.0092214467 -0.0110391483 -0.1042733713 0.8056913783 -0.5923337640 -0.0014542921 0.5921102132 0.8053147345 0.0295579725 -0.0163370222 -0.0246757048 0.9995620097 0.2758466542 0.0790436036 0.3502027581 -0.0004091711 0.0000026110 -0.0007408002 0.0225837771 0.0009628534 0.4103048146 -0.2626219988 0.2289164960 0.1685436815 -0.0083945915 0.0251703151 0.7922405255 -0.6102016039 -0.0021152300 0.0000000000 0.0000000000 0.0431318734
-0.6973510981 -0.0249555595 0.0222957432 0.1030013040 0.0134117305 0.3991849358 -0.2626427524 0.2136179017 -0.0101279773 -0.0124219192 -0.0984954926 0.8067442134 -0.5908980334 -0.0018133677 0.5906620141 0.8063271475 0.0309017196 -0.0167975977 -0.0260008709 0.9995207829 0.2632080185 0.0850355176 0.3560381228 -0.0004625618 0.0000025545 -0.0008156893 0.0241406821 0.0010794374 0.4111632109 -0.2626656294 0.2290448546 0.1748049259 -0.0090634981 0.0261744130 0.7923811900 -0.6100155879 -0.0025520591 0.0000000000 0.0000000000 0.0448348850
-0.6969878078 -0.0255765934 0.0227823164 0.1028453782 0.0122852698 0.3991315071 -0.2627092081 0.2131431430 -0.0110608357 -0.0138805893 -0.0925720011 0.8078115713 -0.5894366962 -0.0022014538 0.5891900432 0.8073533440 0.0321818404 -0.0171918066 -0.0272939378 0.9994796060 0.2501979706 0.0917150772 0.3614073665 -0.0005204190 0.0000023936 -0.0008936511 0.0257168394 0.0012038259 0.4120528102 -0.2627126575 0.2291782349 0.1810245663 -0.0097567495 0.0271781944 0.7925275014 -0.6098212009 -0.0030210145 0.0000000000 0.0000000000 0.0465269603
-0.6969110966 -0.0262174979 0.0230395254 0.1027409211 0.0112200435 0.3990733475 -0.2627831763 0.2126982585 -0.0120152331 -0.0154118630 -0.0865716516 0.8088920368 -0.5879513619 -0.0026208566 0.5876962054 0.8083921283 0.0333966612 -0.0175169326 -0.0285545607 0.9994387396 0.2368531603 0.0986922667 0.3663360924 -0.0005829224 0.0000021082 -0.0009745627 0.0273100473 0.0013361077 0.4129734039 -0.2627632320 0.2293166369 0.1872021109 -0.0104742022 0.0281816442 0.7926794056 -0.6096183299 -0.0035240498 0.0000000000 0.0000000000 0.0482068857
-0.6970633268 -0.0268259682 0.0231257714 0.1026719064 0.0102120070 0.3990103636 -0.2628650103 0.2122834630 -0.0129864174 -0.0170125416 -0.0805491871 0.8099842457 -0.5864435881 -0.0030723998 0.5861823027 0.8094423825 0.0345447163 -0.0177715968 -0.0297816623 0.9993984305 0.2232171378 0.1057205547 0.3708478499 -0.0006502510 0.0000016774 -0.0010582989 0.0289182477 0.0014763610 0.4139247537 -0.2628174424 0.2294600606 0.1933370680 -0.0112157157 0.0291847531 0.7928368107 -0.6094069069 -0.0040616180 0.0000000000 0.0000000000 0.0498730444
-0.6973977089 -0.0273702312 0.0230808686 0.1026271284 0.0092579462 0.3989424856 -0.2629550478 0.2118987317 -0.0139697251 -0.0186794853 -0.0745482684 0.8110868873 -0.5849148795 -0.0035559884 0.5846500387 0.8105030586 0.0356247707 -0.0179553190 -0.0309737931 0.9993589098 0.2093370010 0.1126481130 0.3749644259 -0.0007225834 0.0000010788 -0.0011447342 0.0305394921 0.0016246538 0.4149066806 -0.2628754377 0.2296084911 0.1994289905 -0.0119811473 0.0301875025 0.7929995950 -0.6091869015 -0.0046332387 0.0000000000 0.0000000000 0.0515236505
-0.6978762150 -0.0278323032 0.0229319502 0.1025984213 0.0083545884 0.3988696665 -0.2630536108 0.2115438494 -0.0149606154 -0.0204095927 -0.0686036429 0.8121987051 -0.5833666862 -0.0040709747 0.5831010226 0.8115731720 0.0366358282 -0.0180682279 -0.0321293617 0.9993203907 0.1952610850 0.1193845399 0.3787062155 -0.0008000974 0.0000002893 -0.0012337441 0.0321719497 0.0017810448 0.4159189761 -0.2629373074 0.2297619283 0.2054774016 -0.0127703575 0.0311898850 0.7931676137 -0.6089583144 -0.0052378685 0.0000000000 0.0000000000 0.0531568992
-0.6984682083 -0.0282034595 0.0226983186 0.1025801226 0.0074991966 0.3987918817 -0.2631610059 0.2112184493 -0.0159546903 -0.0221997931 -0.0627428151 0.8133184974 -0.5818004045 -0.0046163927 0.5815367728 0.8126517957 0.0375771320 -0.0181108708 -0.0332467786 0.9992830670 0.1810374710 0.1258784963 0.3820923282 -0.0008829695 -0.0000007154 -0.0013252050 0.0338138901 0.0019455836 0.4169614017 -0.2630031705 0.2299203873 0.2114818245 -0.0135832028 0.0321918875 0.7933407043 -0.6087211730 -0.0058741385 0.0000000000 0.0000000000 0.0547710625
-0.6991481781 -0.0284799412 0.0223945193 0.1025675610 0.0066890316 0.3987091280 -0.2632775243 0.2109220452 -0.0169477045 -0.0240470414 -0.0569874413 0.8144451165 -0.5802173770 -0.0051911059 0.5799587208 0.8137380544 0.0384481588 -0.0180840894 -0.0343245423 0.9992471123 0.1667128551 0.1321032032 0.3851407859 -0.0009713758 -0.0000019605 -0.0014189956 0.0354636945 0.0021183118 0.4180337191 -0.2630731761 0.2300838530 0.2174418122 -0.0144195436 0.0331934988 0.7935186903 -0.6084755273 -0.0065405053 0.0000000000 0.0000000000 0.0563645469
-0.6998958588 -0.0286627114 0.0220310949 0.1025575474 0.0059216521 0.3986214230 -0.2634034423 0.2106540574 -0.0179355716 -0.0259483208 -0.0513543460 0.8155774677 -0.5786188944 -0.0057939006 0.5783682152 0.8148311201 0.0392486097 -0.0179889366 -0.0353612897 0.9992126787 0.1523319741 0.1380478578 0.3878685862 -0.0010654910 -0.0000034720 -0.0015149972 0.0371198356 0.0022992627 0.4191357195 -0.2631474137 0.2302523255 0.2233569026 -0.0152792372 0.0341947079 0.7937013850 -0.6082214469 -0.0072353474 0.0000000000 0.0000000000 0.0579359283
-0.7006942034 -0.0287543964 0.0216170251 0.1025470942 0.0051947366 0.3985288044 -0.2635390210 0.2104138343 -0.0189143633 -0.0279006428 -0.0458564724 0.8167145077 -0.5770061967 -0.0064235443 0.5767665252 0.8159302073 0.0399783983 -0.0178266197 -0.0363558232 0.9991798966 0.1379370648 0.1437108809 0.3902918077 -0.0011654880 -0.0000052766 -0.0016130947 0.0387808643 0.0024884623 0.4202672243 -0.2632260025 0.2304257900 0.2292266488 -0.0161621440 0.0351954959 0.7938885941 -0.6079590180 -0.0079570261 0.0000000000 0.0000000000 0.0594839693
-0.7015286684 -0.0287592281 0.0211596191 0.1025340781 0.0045061405 0.3984313289 -0.2636845067 0.2102006695 -0.0198803085 -0.0299010524 -0.0405035423 0.8178552435 -0.5753804750 -0.0070788185 0.5751548441 0.8170345695 0.0406376370 -0.0175984634 -0.0373071213 0.9991488742 0.1235676243 0.1490966658 0.3924256771 -0.0012715393 -0.0000074016 -0.0017131754 0.0404454283 0.0026859296 0.4214279354 -0.2633090615 0.2306042761 0.2350506186 -0.0170681216 0.0361958556 0.7940801181 -0.6076883416 -0.0087039209 0.0000000000 0.0000000000 0.0610076267
-0.7023879290 -0.0286823269 0.0206643138 0.1025165617 0.0038538980 0.3983290716 -0.2638401312 0.2100138160 -0.0208297922 -0.0319466354 -0.0353025391 0.8189987304 -0.5737428734 -0.0077585410 0.5735342938 0.8181434956 0.0412266230 -0.0173058813 -0.0382143413 0.9991196978 0.1092602781 0.1542131428 0.3942846365 -0.0013838153 -0.0000098753 -0.0018151312 0.0421122499 0.0028916767 0.4226176441 -0.2633967102 0.2307877541 0.2408283502 -0.0179970320 0.0371957757 0.7942757538 -0.6074095308 -0.0094744536 0.0000000000 0.0000000000 0.0625060515
-0.7032624483 -0.0285291355 0.0201372094 0.1024929062 0.0032361036 0.3982221253 -0.2640061116 0.2098524992 -0.0217593499 -0.0340345195 -0.0302582679 0.8201440701 -0.5720944904 -0.0084615752 0.5719059273 0.8192563070 0.0417458239 -0.0169503570 -0.0390768149 0.9990924321 0.0950488683 0.1590695475 0.3958824133 -0.0015024848 -0.0000127260 -0.0019188575 0.0437801145 0.0031057107 0.4238361418 -0.2634890676 0.2309762239 0.2465594113 -0.0189487301 0.0381952450 0.7944752969 -0.6071227094 -0.0102671000 0.0000000000 0.0000000000 0.0639785854
-0.7041442394 -0.0283052363 0.0195830166 0.1024618149 0.0026509699 0.3981105997 -0.2641826511 0.2097159255 -0.0226656628 -0.0361618782 -0.0253737341 0.8212904096 -0.5704363813 -0.0091868347 0.5702707328 0.8203723547 0.0421958632 -0.0165334303 -0.0398940407 0.9990671205 0.0809642833 0.1636763781 0.3972320522 -0.0016277153 -0.0000159829 -0.0020242529 0.0454478934 0.0033280309 0.4250831604 -0.2635862529 0.2311697006 0.2522433698 -0.0199230798 0.0391942449 0.7946785425 -0.6068280105 -0.0110803957 0.0000000000 0.0000000000 0.0654247515
-0.7050267458 -0.0280161742 0.0190053936 0.1024220735 0.0020968288 0.3979946205 -0.2643699385 0.2096032914 -0.0235455538 -0.0383259357 -0.0206504344 0.8224369390 -0.5687695590 -0.0099332865 0.5686296372 0.8214910174 0.0425775063 -0.0160566839 -0.0406656751 0.9990437857 0.0670346206 0.1680444923 0.3983459545 -0.0017596723 -0.0000196753 -0.0021312211 0.0471145175 0.0035586327 0.4263584912 -0.2636883557 0.2313681692 0.2578798532 -0.0209199358 0.0401927717 0.7948852869 -0.6065255745 -0.0119129415 0.0000000000 0.0000000000 0.0668442448
-0.7059049606 -0.0276675560 0.0184088703 0.1023725793 0.0015721308 0.3978743291 -0.2645681492 0.2095137892 -0.0243959827 -0.0405239698 -0.0160886230 0.8235828898 -0.5670949963 -0.0106999494 0.5669835090 0.8226116989 0.0428916471 -0.0155217349 -0.0413915215 0.9990224310 0.0532854354 0.1721841797 0.3992359219 -0.0018985195 -0.0000238332 -0.0022396692 0.0487789698 0.0037975057 0.4276618659 -0.2637954950 0.2315716296 0.2634683549 -0.0219391622 0.0411908031 0.7950953286 -0.6062155479 -0.0127634021 0.0000000000 0.0000000000 0.0682369240
-0.7067738175 -0.0272643864 0.0177969318 0.1023125723 0.0010753269 0.3977498815 -0.2647774451 0.2094466134 -0.0252140400 -0.0427533121 -0.0116875892 0.8247275335 -0.5654136272 -0.0114858911 0.5653331618 0.8237338268 0.0431392950 -0.0149302282 -0.0420715195 0.9990030408 0.0397396187 0.1761056672 0.3999131999 -0.0020444184 -0.0000284864 -0.0023495085 0.0504403003 0.0040446343 0.4289930761 -0.2639077604 0.2317800820 0.2690085173 -0.0229806174 0.0421883352 0.7953084694 -0.6058980823 -0.0136305051 0.0000000000 0.0000000000 0.0696027959
-0.7076306343 -0.0268118661 0.0171730034 0.1022411659 0.0006051063 0.3976214480 -0.2649979748 0.2094009646 -0.0259969448 -0.0450113559 -0.0074457068 0.8258701800 -0.5637263487 -0.0122902271 0.5636793575 0.8248568507 0.0433215628 -0.0142838284 -0.0427057341 0.9989855817 0.0264176915 0.1798189053 0.4003884842 -0.0021975287 -0.0000336655 -0.0024606539 0.0520976111 0.0042999987 0.4303518832 -0.2640253305 0.2319935113 0.2744999230 -0.0240441598 0.0431853533 0.7955245148 -0.6055733330 -0.0145130404 0.0000000000 0.0000000000 0.0709420061
-0.7084717751 -0.0263146423 0.0165391378 0.1021577641 0.0001601577 0.3974892123 -0.2652298742 0.2093760535 -0.0267420366 -0.0472955497 -0.0033607785 0.8270101759 -0.5620340214 -0.0131121178 0.5620228092 0.8259802409 0.0434396548 -0.0135842136 -0.0432943458 0.9989700039 0.0133378482 0.1833333881 0.4006719915 -0.0023580084 -0.0000394009 -0.0025730252 0.0537500530 0.0045635747 0.4317379892 -0.2641482353 0.2322119325 0.2799421549 -0.0251296498 0.0441818461 0.7957432753 -0.6052414579 -0.0154098584 0.0000000000 0.0000000000 0.0722548248
-0.7092951536 -0.0257770792 0.0158993024 0.1020618454 -0.0002606511 0.3973533713 -0.2654732666 0.2093711033 -0.0274467736 -0.0496034066 0.0005700144 0.8281469035 -0.5603374720 -0.0139507645 0.5603641839 0.8271034874 0.0434948566 -0.0128330720 -0.0438376396 0.9989562421 0.0005163272 0.1866574735 0.4007734749 -0.0025260127 -0.0000457230 -0.0026865450 0.0553968251 0.0048353341 0.4331512153 -0.2642766535 0.2324353307 0.2853348255 -0.0262369495 0.0451777987 0.7959645667 -0.6049026167 -0.0163198663 0.0000000000 0.0000000000 0.0735416400
-0.7100991011 -0.0252032019 0.0152551020 0.1019528732 -0.0006586312 0.3972141339 -0.2657282629 0.2093853532 -0.0281087275 -0.0519325014 0.0043499211 0.8292797786 -0.5586374931 -0.0148054061 0.5587041054 0.8282260988 0.0434885250 -0.0120320969 -0.0443359955 0.9989442167 -0.0120327582 0.1897998217 0.4007022764 -0.0027016948 -0.0000526625 -0.0028011405 0.0570371822 0.0051152445 0.4345912635 -0.2644106448 0.2326637059 0.2906775475 -0.0273659173 0.0461732000 0.7961882106 -0.6045569698 -0.0172420253 0.0000000000 0.0000000000 0.0748029392
-0.7108817697 -0.0245970599 0.0146092661 0.1018304452 -0.0010347363 0.3970717212 -0.2659949622 0.2094180592 -0.0287255784 -0.0542804705 0.0079825039 0.8304082503 -0.5569348457 -0.0156753180 0.5570431571 0.8293476016 0.0434220786 -0.0111829812 -0.0447898810 0.9989338354 -0.0242969874 0.1927682818 0.4004672823 -0.0028852057 -0.0000602498 -0.0029167423 0.0586704016 0.0054032691 0.4360578954 -0.2645503581 0.2328970581 0.2959699035 -0.0285164118 0.0471680425 0.7964140350 -0.6042046777 -0.0181753503 0.0000000000 0.0000000000 0.0760393046
-0.7116422653 -0.0239616167 0.0139635662 0.1016944796 -0.0013900390 0.3969263654 -0.2662734521 0.2094684962 -0.0292951122 -0.0566450160 0.0114716481 0.8315317986 -0.5552302591 -0.0165598090 0.5553818839 0.8304675392 0.0432969896 -0.0102874149 -0.0451998416 0.9989249939 -0.0362657116 0.1955703817 0.4000770173 -0.0030766940 -0.0000685155 -0.0030332850 0.0602958202 0.0056993701 0.4375508726 -0.2646958530 0.2331353873 0.3012115061 -0.0296882968 0.0481623076 0.7966418748 -0.6038459000 -0.0191189065 0.0000000000 0.0000000000 0.0772513981
-0.7123795152 -0.0233010594 0.0133197922 0.1015445963 -0.0017256123 0.3967783093 -0.2665638085 0.2095359592 -0.0298152157 -0.0590239031 0.0148214294 0.8326499342 -0.5535244328 -0.0174582193 0.5537207954 0.8315854718 0.0431147758 -0.0093470803 -0.0455664943 0.9989175775 -0.0479296619 0.1982134342 0.3995396327 -0.0032763050 -0.0000774899 -0.0031507062 0.0619127974 0.0060035037 0.4390699267 -0.2648472786 0.2333786786 0.3064020276 -0.0308814328 0.0491559841 0.7968715718 -0.6034807947 -0.0200718078 0.0000000000 0.0000000000 0.0784399561
-0.7130932808 -0.0226178523 0.0126800295 0.1013806835 -0.0020421119 0.3966278063 -0.2668660968 0.2096197641 -0.0302838734 -0.0614149622 0.0180361051 0.8337621963 -0.5518180371 -0.0183699177 0.5520603675 0.8327009752 0.0428769939 -0.0083636502 -0.0458905201 0.9989114623 -0.0592811573 0.2007039479 0.3988628941 -0.0034841830 -0.0000872032 -0.0032689474 0.0635207444 0.0063156243 0.4406148195 -0.2650046945 0.2336269468 0.3115410507 -0.0320956782 0.0501490645 0.7971029751 -0.6031095176 -0.0210332144 0.0000000000 0.0000000000 0.0796057744
-0.7137826681 -0.0219151117 0.0120447418 0.1012026519 -0.0023406106 0.3964751193 -0.2671803714 0.2097192482 -0.0306991631 -0.0638160856 0.0211199988 0.8348681525 -0.5501117141 -0.0192943001 0.5504010449 0.8338136409 0.0425852320 -0.0073387843 -0.0461726569 0.9989065161 -0.0703137930 0.2030486047 0.3980543086 -0.0037004685 -0.0000976853 -0.0033879534 0.0651190877 0.0066356845 0.4421852529 -0.2651682496 0.2338801771 0.3166282177 -0.0333308950 0.0511415377 0.7973359413 -0.6027322218 -0.0220023307 0.0000000000 0.0000000000 0.0807497021
-0.7144478559 -0.0211950541 0.0114161475 0.1010105759 -0.0026218235 0.3963205208 -0.2675066765 0.2098337711 -0.0310592538 -0.0662252322 0.0240775651 0.8359673969 -0.5484060782 -0.0202307872 0.5487432430 0.8349230757 0.0422411043 -0.0062741273 -0.0464136938 0.9989026000 -0.0810222345 0.2052530540 0.3971210253 -0.0039252997 -0.0001089660 -0.0035076723 0.0667072907 0.0069636311 0.4437810183 -0.2653380334 0.2341383547 0.3216631413 -0.0345869437 0.0521333814 0.7975703345 -0.6023490572 -0.0229784034 0.0000000000 0.0000000000 0.0818726367
-0.7150887251 -0.0204606894 0.0107950997 0.1008043885 -0.0028864662 0.3961642919 -0.2678450462 0.2099627144 -0.0313624011 -0.0686404221 0.0269132571 0.8370595495 -0.5467017177 -0.0211788221 0.5470873497 0.8360289011 0.0418462459 -0.0051713072 -0.0466144654 0.9988995691 -0.0914022605 0.2073233182 0.3960699112 -0.0041588130 -0.0001210744 -0.0036280551 0.0682848692 0.0072994120 0.4454018176 -0.2655141652 0.2344015092 0.3266454935 -0.0358636864 0.0531245917 0.7978060266 -0.6019601699 -0.0239607186 0.0000000000 0.0000000000 0.0829755118
-0.7157046795 -0.0197136495 0.0101822373 0.1005842760 -0.0031353729 0.3960067225 -0.2681955050 0.2101054821 -0.0316069448 -0.0710597382 0.0296315309 0.8381442551 -0.5449991947 -0.0221378708 0.5454337275 0.8371307531 0.0414023075 -0.0040319318 -0.0467758475 0.9988972738 -0.1014507533 0.2092648620 0.3949075771 -0.0044011404 -0.0001340395 -0.0037490558 0.0698513463 0.0076429695 0.4470473826 -0.2656967044 0.2346696109 0.3315749466 -0.0371609852 0.0541151538 0.7980428972 -0.6015657019 -0.0249486025 0.0000000000 0.0000000000 0.0840592890
-0.7162962556 -0.0189560670 0.0095787393 0.1003502309 -0.0033691397 0.3958481103 -0.2685580679 0.2102615007 -0.0317913059 -0.0734813301 0.0322369254 0.8392211826 -0.5432990465 -0.0231074190 0.5437827148 0.8382282823 0.0409109505 -0.0028575883 -0.0468987513 0.9988955608 -0.1111653014 0.2110827965 0.3936403384 -0.0046524126 -0.0001478899 -0.0038706320 0.0714062601 0.0079942457 0.4487174749 -0.2658858001 0.2349426597 0.3364510834 -0.0384786986 0.0551050566 0.7982808333 -0.6011657908 -0.0259414177 0.0000000000 0.0000000000 0.0851249586
-0.7168636918 -0.0181900542 0.0089852773 0.1001025438 -0.0035884823 0.3956887608 -0.2689327410 0.2104302193 -0.0319139835 -0.0759034076 0.0347339147 0.8402900234 -0.5416017859 -0.0240869713 0.5421346278 0.8393211531 0.0403738442 -0.0016498416 -0.0469841197 0.9988942739 -0.1205443238 0.2127821881 0.3922742780 -0.0049127555 -0.0001626536 -0.0039927429 0.0729492083 0.0083531793 0.4504117966 -0.2660815418 0.2352206558 0.3412736058 -0.0398166887 0.0560942926 0.7985197297 -0.6007605692 -0.0269385621 0.0000000000 0.0000000000 0.0861735280
-0.7174071074 -0.0174171515 0.0084022991 0.0998414829 -0.0037939367 0.3955289866 -0.2693195214 0.2106111091 -0.0319735521 -0.0783242411 0.0371269110 0.8413504912 -0.5399079020 -0.0250760506 0.5404897618 0.8404090441 0.0397926615 -0.0004102327 -0.0470329239 0.9988932554 -0.1295870380 0.2143677666 0.3908152256 -0.0051822956 -0.0001783582 -0.0041153510 0.0744797885 0.0087197088 0.4521301091 -0.2662840188 0.2355035990 0.3460421562 -0.0411748216 0.0570828393 0.7987594890 -0.6003501647 -0.0279394682 0.0000000000 0.0000000000 0.0872060159
-0.7179266214 -0.0166390818 0.0078301765 0.0995672643 -0.0039861589 0.3953691075 -0.2697183979 0.2108036633 -0.0319686589 -0.0807421625 0.0394202917 0.8424023210 -0.5382178610 -0.0260741960 0.5388483928 0.8414916476 0.0391690755 0.0008597222 -0.0470461587 0.9988923465 -0.1382932533 0.2158439685 0.3892688027 -0.0054611526 -0.0001950305 -0.0042384220 0.0759976283 0.0090937689 0.4538721442 -0.2664933205 0.2357914895 0.3507564366 -0.0425529517 0.0580706932 0.7990000208 -0.5999346997 -0.0289436006 0.0000000000 0.0000000000 0.0882234505
-0.7184226513 -0.0158568136 0.0072696717 0.0992801115 -0.0041656848 0.3952094495 -0.2701293510 0.2110073969 -0.0318980214 -0.0831555656 0.0416184047 0.8434452679 -0.5365321067 -0.0270809616 0.5372107787 0.8425686696 0.0385047568 0.0021585315 -0.0470248394 0.9988913881 -0.1466633605 0.2172148380 0.3876403975 -0.0057494459 -0.0002126972 -0.0043619233 0.0775023773 0.0094752917 0.4556375742 -0.2667095661 0.2360843122 0.3554160595 -0.0439509489 0.0590578392 0.7992412422 -0.5995142910 -0.0299504541 0.0000000000 0.0000000000 0.0892268642
-0.7188957930 -0.0150722619 0.0067207995 0.0989803150 -0.0043329326 0.3950503452 -0.2705523536 0.2112218463 -0.0317604248 -0.0855629036 0.0437255247 0.8444791068 -0.5348510612 -0.0280959157 0.5355771605 0.8436398293 0.0378013714 0.0034847300 -0.0469699991 0.9988902221 -0.1546982113 0.2184846604 0.3859351918 -0.0060472903 -0.0002313841 -0.0044858246 0.0789937079 0.0098642111 0.4574261904 -0.2669328749 0.2363820672 0.3600207865 -0.0453686677 0.0600442626 0.7994830776 -0.5990890500 -0.0309595530 0.0000000000 0.0000000000 0.0902172903
-0.7193461061 -0.0142862089 0.0061840224 0.0986683071 -0.0044884975 0.3948921327 -0.2709873708 0.2114465692 -0.0315547202 -0.0879626867 0.0457458165 0.8455036313 -0.5331751252 -0.0291186407 0.5339477633 0.8447048595 0.0370605779 0.0048368791 -0.0468826862 0.9988886917 -0.1623992102 0.2196571327 0.3841582047 -0.0063547986 -0.0002511162 -0.0046100984 0.0804713219 0.0102604562 0.4592376947 -0.2671633065 0.2366847396 0.3645702004 -0.0468059778 0.0610299595 0.7997254582 -0.5986590820 -0.0319704503 0.0000000000 0.0000000000 0.0911957564
-0.7197740078 -0.0134999966 0.0056594154 0.0983444303 -0.0046329764 0.3947351559 -0.2714343606 0.2116811438 -0.0312798218 -0.0903534855 0.0476834069 0.8465186533 -0.5315046788 -0.0301487310 0.5323227979 0.8457635061 0.0362840254 0.0062135672 -0.0467639611 0.9988866420 -0.1697681273 0.2207360045 0.3823142463 -0.0066720801 -0.0002719180 -0.0047347187 0.0819349140 0.0106639564 0.4610718191 -0.2674009502 0.2369923592 0.3690640628 -0.0482627377 0.0620149113 0.7999683222 -0.5982244869 -0.0329827252 0.0000000000 0.0000000000 0.0921632839
-0.7210544348 -0.0129628964 0.0054344893 0.0981215015 -0.0047665471 0.3945797639 -0.2718932738 0.2119251688 -0.0309347049 -0.0927339284 0.0495423518 0.8475240018 -0.5298400822 -0.0311857934 0.5307024612 0.8468155283 0.0354733519 0.0076134104 -0.0466148945 0.9988839210 -0.1768071266 0.2217247492 0.3804079018 -0.0069992412 -0.0002938134 -0.0048596617 0.0833842233 0.0110746380 0.4629282355 -0.2676459551 0.2373048961 0.3735020459 -0.0497388057 0.0629991069 0.8002116142 -0.5977853583 -0.0339959831 0.0000000000 0.0000000000 0.0931208842
-0.7225389481 -0.0124779651 0.0052727270 0.0979382768 -0.0048899259 0.3944263080 -0.2723640399 0.2121779453 -0.0305194590 -0.0950967812 0.0511995636 0.8485195203 -0.5281816638 -0.0322297019 0.5290869351 0.8478607110 0.0346298991 0.0090354202 -0.0464364595 0.9988803814 -0.1836324100 0.2227291938 0.3784436181 -0.0073363846 -0.0003168252 -0.0049849073 0.0848190039 0.0114924293 0.4648067355 -0.2678983808 0.2376223505 0.3778838515 -0.0512340516 0.0639825314 0.8004552704 -0.5973417772 -0.0350100849 0.0000000000 0.0000000000 0.0940652385
-0.7238613963 -0.0119352257 0.0050441343 0.0977583006 -0.0050044237 0.3942751386 -0.2728465560 0.2124382355 -0.0300341097 -0.0974378258 0.0525943809 0.8495050619 -0.5265297146 -0.0332807678 0.5274763835 0.8488988737 0.0337545134 0.0104792520 -0.0462294490 0.9988758798 -0.1902973724 0.2237950534 0.3764254736 -0.0076836096 -0.0003409756 -0.0051104389 0.0862390473 0.0119172530 0.4667069912 -0.2681583166 0.2379447222 0.3822091818 -0.0527483374 0.0649651811 0.8006992040 -0.5968938079 -0.0360252974 0.0000000000 0.0000000000 0.0949948644
-0.7250267267 -0.0113375764 0.0047566532 0.0975799784 -0.0051106960 0.3941266076 -0.2733407103 0.2127047491 -0.0294781310 -0.0997564858 0.0537428881 0.8504804901 -0.5248845095 -0.0343393026 0.5258709566 0.8499298470 0.0328480158 0.0119445835 -0.0459946385 0.9988702719 -0.1967819476 0.2248995014 0.3743570598 -0.0080410140 -0.0003662856 -0.0052362466 0.0876441747 0.0123490337 0.4686287344 -0.2684258819 0.2382719964 0.3864777386 -0.0542815216 0.0659470335 0.8009433271 -0.5964415123 -0.0370418935 0.0000000000 0.0000000000 0.0959109631
-0.7260485888 -0.0106929932 0.0044241855 0.0974008590 -0.0052093393 0.3939810703 -0.2738463907 0.2129763409 -0.0288508131 -0.1020528139 0.0546737437 0.8514456797 -0.5232463173 -0.0354054513 0.5242707946 0.8509534637 0.0319113858 0.0134308763 -0.0457328556 0.9988634128 -0.2030554860 0.2260122379 0.3722417015 -0.0084086908 -0.0003927752 -0.0053623272 0.0890341923 0.0127876969 0.4705716670 -0.2687011659 0.2386041880 0.3906892538 -0.0558334738 0.0669280887 0.8011875612 -0.5959849541 -0.0380600034 0.0000000000 0.0000000000 0.0968152796
-0.7269400358 -0.0100088166 0.0040572658 0.0972189754 -0.0053004124 0.3938388855 -0.2743634859 0.2132520031 -0.0281513937 -0.1043268032 0.0554134363 0.8524005170 -0.5216153993 -0.0364792250 0.5226760300 0.8519695586 0.0309457422 0.0149374135 -0.0454449831 0.9988551583 -0.2090922256 0.2271105032 0.3700825267 -0.0087867305 -0.0004204633 -0.0054886816 0.0904089361 0.0132331625 0.4725355208 -0.2689842582 0.2389412820 0.3948434293 -0.0574040525 0.0679083243 0.8014318379 -0.5955241967 -0.0390796458 0.0000000000 0.0000000000 0.0977095053
-0.7277112603 -0.0092918510 0.0036646710 0.0970328227 -0.0053840950 0.3937004162 -0.2748918837 0.2135308531 -0.0273790794 -0.1065783768 0.0559860553 0.8533448996 -0.5199920080 -0.0375605354 0.5210867879 0.8529779705 0.0299523177 0.0164633434 -0.0451319563 0.9988453658 -0.2148711380 0.2281774891 0.3678826314 -0.0091752205 -0.0004493678 -0.0056153173 0.0917682350 0.0136853540 0.4745200276 -0.2692752481 0.2392832637 0.3989399970 -0.0589931197 0.0688877329 0.8016760977 -0.5950593016 -0.0401007610 0.0000000000 0.0000000000 0.0985952567
-0.7283735275 -0.0085490011 0.0032538509 0.0968410894 -0.0054606847 0.3935660292 -0.2754314719 0.2138121226 -0.0265330540 -0.1088074080 0.0564137283 0.8542787368 -0.5183763861 -0.0386492198 0.5195031878 0.8539785430 0.0289324375 0.0180077120 -0.0447947590 0.9988338960 -0.2203753117 0.2292008287 0.3656450790 -0.0095742438 -0.0004795057 -0.0057422435 0.0931119323 0.0141441897 0.4765248299 -0.2695742249 0.2396301627 0.4029786885 -0.0606005453 0.0698663071 0.8019202902 -0.5945903266 -0.0411232340 0.0000000000 0.0000000000 0.0994740763
-0.7289362550 -0.0077858856 0.0028298423 0.0966431946 -0.0055302414 0.3934360957 -0.2759821371 0.2140951482 -0.0256124940 -0.1110137196 0.0567165691 0.8552019492 -0.5167687649 -0.0397450591 0.5179253433 0.8549711259 0.0278874988 0.0195694896 -0.0444344168 0.9988206134 -0.2255916485 0.2301713851 0.3633728498 -0.0099838823 -0.0005108928 -0.0058694752 0.0944398791 0.0146095902 0.4785496891 -0.2698812783 0.2399819344 0.4069592357 -0.0622261874 0.0708440244 0.8021643730 -0.5941173259 -0.0421469117 0.0000000000 0.0000000000 0.1003474232
-0.7294077873 -0.0070078569 0.0023978306 0.0964384750 -0.0055928244 0.3933109907 -0.2765437651 0.2143793612 -0.0246165761 -0.1131970941 0.0569129076 0.8561144688 -0.5151693647 -0.0408477903 0.5163533632 0.8559555759 0.0268189548 0.0211475899 -0.0440519892 0.9988053873 -0.2305100872 0.2310818640 0.3610689013 -0.0104042124 -0.0005435440 -0.0059970291 0.0957519338 0.0150814746 0.4805943370 -0.2701964974 0.2403385937 0.4108813703 -0.0638699159 0.0718208849 0.8024083119 -0.5936403486 -0.0431716135 0.0000000000 0.0000000000 0.1012166895
-0.7297965884 -0.0062191468 0.0019612585 0.0962265059 -0.0056488509 0.3931910935 -0.2771162406 0.2146642801 -0.0235444840 -0.1153572858 0.0570195127 0.8570162393 -0.5135783933 -0.0419571145 0.5147873519 0.8569317574 0.0257282998 0.0227408850 -0.0436485626 0.9987880932 -0.2351233694 0.2319268166 0.3587361844 -0.0108353067 -0.0005774733 -0.0061249239 0.0970479548 0.0155597646 0.4826584160 -0.2705200016 0.2407001406 0.4147448540 -0.0655315816 0.0727968663 0.8026520804 -0.5931594394 -0.0441971384 0.0000000000 0.0000000000 0.1020831922
-0.7301099896 -0.0054244800 0.0015235830 0.0960071459 -0.0056982022 0.3930767873 -0.2776994467 0.2149495026 -0.0223954172 -0.1174940217 0.0570516143 0.8579072155 -0.5119960465 -0.0430727051 0.5132274094 0.8578995435 0.0246170570 0.0243482182 -0.0432252437 0.9987686131 -0.2394264489 0.2327019573 0.3563775288 -0.0112772379 -0.0006126932 -0.0062531834 0.0983278304 0.0160443727 0.4847416878 -0.2708518505 0.2410665601 0.4185494483 -0.0672110692 0.0737719536 0.8028956591 -0.5926746375 -0.0452232717 0.0000000000 0.0000000000 0.1029481859
-0.7303545475 -0.0046267253 0.0010873075 0.0957800448 -0.0057412353 0.3929684595 -0.2782932654 0.2152346982 -0.0211685964 -0.1196070099 0.0570230642 0.8587873634 -0.5104225073 -0.0441942124 0.5116736322 0.8588588160 0.0234867679 0.0259684140 -0.0427831527 0.9987468365 -0.2434164821 0.2334038080 0.3539957798 -0.0117300730 -0.0006492156 -0.0063818302 0.0995914191 0.0165352207 0.4868438244 -0.2711921334 0.2414378524 0.4222948849 -0.0689082295 0.0747461542 0.8031390361 -0.5921859772 -0.0462497886 0.0000000000 0.0000000000 0.1038128516
