# Actions and States
# action[0], ..., state[0], ..., command[0], ...
-0.8797921538 0.0587951243 -0.1039892882 0.1364227682 -0.0234427415 0.2005774660 0.0342713190 0.0080258762 0.0000000000 0.0000000000 0.0000000000 -0.3177611107 -0.9481708056 0.0000000000 0.9481708056 -0.3177611107 0.0000000000 0.0000000000 0.0000000000 1.0000000000 0.0000000000 0.0000000000 0.0000000000 -0.0000000446 0.0000000001 -0.0000000046 -0.0000044400 -0.0000000111 0.2006487250 0.0342711322 0.0080332849 0.0142333200 -0.0000559212 0.0014817101 -0.3177442370 -0.9481764603 0.0000000000 0.0000000000 0.0000000000 0.0035585629
-0.8655539751 0.0468968563 -0.0856730491 0.1321186572 -0.0219205674 0.2005774652 0.0342713179 0.0079714881 -0.0000005307 -0.0000007305 -0.0217552224 -0.3177783457 -0.9481650089 -0.0001969944 0.9481650216 -0.3177783629 0.0000620135 -0.0001213996 -0.0001670767 0.9999999787 0.0248062413 0.0787801068 -0.0072754382 -0.0000002673 0.0000000006 -0.0000001638 -0.0000359919 -0.0000001122 0.2007375956 0.0342706889 0.0080425451 0.0213073548 -0.0001256075 0.0022225427 -0.3177231462 -0.9481834869 -0.0001969908 0.0000000000 0.0000000000 0.0053325083
-0.8470445871 0.0345398039 -0.0659473911 0.1274667084 -0.0202986728 0.2005774473 0.0342712933 0.0077863075 -0.0000068875 -0.0000094658 -0.0468782454 -0.3178373474 -0.9481448738 -0.0008479099 0.9481451081 -0.3178376661 0.0002684795 -0.0005240552 -0.0007186088 0.9999996045 0.0515919887 0.1618947604 -0.0158848046 -0.0000008459 0.0000000026 -0.0000009588 -0.0001207676 -0.0000005041 0.2008617520 0.0342698283 0.0080555100 0.0283521842 -0.0002229196 0.0029633481 -0.3176932877 -0.9481927743 -0.0008478688 0.0000000000 0.0000000000 0.0071336555
-0.8286722898 0.0254941620 -0.0496545024 0.1235374063 -0.0188842621 0.2005773580 0.0342711708 0.0074848311 -0.0000276634 -0.0000378908 -0.0687912629 -0.3179347100 -0.9481107946 -0.0018550978 0.9481119107 -0.3179362425 0.0005919712 -0.0011510571 -0.0015706321 0.9999981041 0.0727151023 0.2251096539 -0.0238490222 -0.0000019572 0.0000000074 -0.0000030261 -0.0002558307 -0.0000014455 0.2010210603 0.0342684165 0.0080721788 0.0353672169 -0.0003477141 0.0037041171 -0.3176538196 -0.9482031267 -0.0018549195 0.0000000000 0.0000000000 0.0089803933
-0.8110414743 0.0188559592 -0.0363067463 0.1202471182 -0.0176350065 0.2005770970 0.0342708142 0.0070838356 -0.0000723270 -0.0000987022 -0.0873589492 -0.3180669829 -0.9480630844 -0.0031276846 0.9480662425 -0.3180713588 0.0010052684 -0.0019478847 -0.0026455095 0.9999946035 0.0887516861 0.2720438167 -0.0312223429 -0.0000037780 0.0000000168 -0.0000069236 -0.0004382984 -0.0000031806 0.2012153715 0.0342663080 0.0080925515 0.0423518680 -0.0004998477 0.0044448418 -0.3176037785 -0.9482132046 -0.0031271795 0.0000000000 0.0000000000 0.0108720788
-0.7945549488 0.0137367696 -0.0253090449 0.1174878404 -0.0165161975 0.2005765161 0.0342700234 0.0065997528 -0.0001503983 -0.0002045538 -0.1026942338 -0.3182311247 -0.9480020177 -0.0045962750 0.9480088134 -0.3182406068 0.0014852144 -0.0028707076 -0.0038846677 0.9999883341 0.1004916210 0.3065369002 -0.0380742792 -0.0000064849 0.0000000321 -0.0000131262 -0.0006656297 -0.0000059398 0.2014445364 0.0342633724 0.0081166271 0.0493055619 -0.0006791771 0.0051855119 -0.3175423174 -0.9482218334 -0.0045951515 0.0000000000 0.0000000000 0.0127988859
-0.7795176506 0.0095870243 -0.0162104629 0.1151722968 -0.0155022237 0.2005754213 0.0342685371 0.0060481935 -0.0002708363 -0.0003673431 -0.1149906601 -0.3184244903 -0.9479279057 -0.0062072203 0.9479402709 -0.3184418211 0.0020123236 -0.0038841762 -0.0052433010 0.9999787103 0.1086270741 0.3312760870 -0.0444623627 -0.0000102546 0.0000000543 -0.0000220287 -0.0009355349 -0.0000099416 0.2017083764 0.0342594720 0.0081444066 0.0562277213 -0.0008855590 0.0059261187 -0.3174688011 -0.9482281121 -0.0062050822 0.0000000000 0.0000000000 0.0147474021
-0.7661270499 0.0060978597 -0.0086726164 0.1132295281 -0.0145732574 0.2005735765 0.0342660384 0.0054436163 -0.0004415122 -0.0005975901 -0.1245008148 -0.3186447945 -0.9478411289 -0.0079176592 0.9478612239 -0.3186730205 0.0025702766 -0.0049593583 -0.0066858368 0.9999653516 0.1137521196 0.3481214424 -0.0504342507 -0.0000152639 0.0000000836 -0.0000339509 -0.0012459124 -0.0000153932 0.2020067573 0.0342544690 0.0081758881 0.0631177798 -0.0011188502 0.0066666529 -0.3173828341 -0.9482314428 -0.0079140101 0.0000000000 0.0000000000 0.0167036256
-0.7544691563 0.0031056304 -0.0024338763 0.1116001979 -0.0137135135 0.2005707107 0.0342621632 0.0047990898 -0.0006688262 -0.0009039660 -0.1315171281 -0.3188900699 -0.9477421490 -0.0096923827 0.9477722566 -0.3189323685 0.0031454671 -0.0060723063 -0.0081831132 0.9999480805 0.1163736887 0.3584242879 -0.0560295124 -0.0000216904 0.0000001192 -0.0000491435 -0.0015948066 -0.0000224918 0.2023395002 0.0342482366 0.0082110725 0.0699751601 -0.0013789077 0.0074071060 -0.3172842585 -0.9482315264 -0.0096866360 0.0000000000 0.0000000000 0.0186545355
-0.7445329428 0.0005260854 0.0027143888 0.1102336049 -0.0129103642 0.2005665259 0.0342565104 0.0041261529 -0.0009574982 -0.0012930242 -0.1363517402 -0.3191586243 -0.9476315095 -0.0115019481 0.9476739356 -0.3192181451 0.0037265993 -0.0072030735 -0.0097107201 0.9999269062 0.1169217521 0.3632313033 -0.0612809352 -0.0000297121 0.0000001591 -0.0000677957 -0.0019803788 -0.0000314251 0.2027064562 0.0342406370 0.0082499590 0.0767993107 -0.0016655884 0.0081474697 -0.3171731336 -0.9482283404 -0.0114934415 0.0000000000 0.0000000000 0.0205888542
-0.7362298965 -0.0016844182 0.0069440678 0.1090859249 -0.0121533247 0.2005607056 0.0342486525 0.0034347723 -0.0013105276 -0.0017691322 -0.1393183193 -0.3194489973 -0.9475098282 -0.0133215436 0.9475668133 -0.3195287265 0.0043043346 -0.0083350151 -0.0112480372 0.9999019998 0.1157588776 0.3634033069 -0.0662156040 -0.0000395076 0.0000001999 -0.0000900431 -0.0024008858 -0.0000423715 0.2031074315 0.0342315361 0.0082925474 0.0835896656 -0.0019787492 0.0088877333 -0.3170497062 -0.9482221050 -0.0133095560 0.0000000000 0.0000000000 0.0224973458
-0.7294198275 -0.0035531893 0.0104003521 0.1081188172 -0.0114338184 0.2005529232 0.0342381467 0.0027333807 -0.0017292914 -0.0023345804 -0.1407172492 -0.3197599194 -0.9473777857 -0.0151302744 0.9474514293 -0.3198625685 0.0048709810 -0.0094542676 -0.0127776556 0.9998736662 0.1131887977 0.3596809063 -0.0708557117 -0.0000512565 0.0000002364 -0.0001159750 -0.0028546648 -0.0000555011 0.2035422921 0.0342208073 0.0083388360 0.0903456733 -0.0023182472 0.0096278889 -0.3169143760 -0.9482132417 -0.0151140450 0.0000000000 0.0000000000 0.0243728377
-0.7239333987 -0.0051032086 0.0132050589 0.1072994843 -0.0107445754 0.2005428497 0.0342245441 0.0020289757 -0.0022137347 -0.0029898114 -0.1408252831 -0.3200902727 -0.9472361091 -0.0169106731 0.9473283110 -0.3202181949 0.0054202238 -0.0105493369 -0.0142849984 0.9998423127 0.1094642334 0.3527173490 -0.0752192923 -0.0000651391 0.0000002623 -0.0001456424 -0.0033401211 -0.0000709759 0.2040108293 0.0342083126 0.0083888257 0.0970667899 -0.0026839396 0.0103679271 -0.3167676592 -0.9482023281 -0.0168894208 0.0000000000 0.0000000000 0.0262100834
-0.7195913196 -0.0063578673 0.0154640265 0.1065995097 -0.0100799957 0.2005301600 0.0342073987 0.0013272586 -0.0027626088 -0.0037337199 -0.1398894170 -0.3204390555 -0.9470855569 -0.0186483155 0.9471979740 -0.3205941866 0.0059468939 -0.0116107589 -0.0157580296 0.9998084190 0.1047948171 0.3430943932 -0.0793207988 -0.0000813365 0.0000002693 -0.0001790644 -0.0038557171 -0.0000889497 0.2045128942 0.0341939218 0.0084425155 0.1037524715 -0.0030756835 0.0111078387 -0.3166101539 -0.9481900522 -0.0186212585 0.0000000000 0.0000000000 0.0280055542
-0.7162189484 -0.0073442776 0.0172667932 0.1059949920 -0.0094352541 0.2005145382 0.0341862736 0.0006327917 -0.0033737190 -0.0045639717 -0.1381243768 -0.3208053508 -0.9469269019 -0.0203314877 0.9470609218 -0.3209891736 0.0064467717 -0.0126308090 -0.0171869986 0.9997725090 0.0993533800 0.3313292624 -0.0831717763 -0.0001000304 0.0000002479 -0.0002162345 -0.0043999655 -0.0001095689 0.2050483078 0.0341775119 0.0084999045 0.1104021743 -0.0034933360 0.0118476162 -0.3164425076 -0.9481771698 -0.0202978622 0.0000000000 0.0000000000 0.0297571851
-0.7136530876 -0.0080904346 0.0186900776 0.1054656506 -0.0088066570 0.2004956816 0.0341607465 -0.0000508403 -0.0040441561 -0.0054773074 -0.1357129302 -0.3211882995 -0.9467609178 -0.0219508727 0.9469176458 -0.3214018282 0.0069164212 -0.0136032479 -0.0185641951 0.9997351261 0.0932822446 0.3178773553 -0.0867813033 -0.0001214033 0.0000001869 -0.0002571258 -0.0049714213 -0.0001329725 0.2056168616 0.0341589451 0.0085609909 0.1170153618 -0.0039367550 0.0125872474 -0.3162653903 -0.9481644671 -0.0219099501 0.0000000000 0.0000000000 0.0314641286
-0.7117491961 -0.0086266641 0.0197985824 0.1049946100 -0.0081913425 0.2004733036 0.0341304135 -0.0007208751 -0.0047704997 -0.0064698161 -0.1328077199 -0.3215870784 -0.9465883668 -0.0234992509 0.9467686257 -0.3218308592 0.0073530527 -0.0145230983 -0.0198837068 0.9996968129 0.0866983249 0.3031356619 -0.0901564813 -0.0001456382 0.0000000736 -0.0003016955 -0.0055686785 -0.0001592925 0.2062183917 0.0341381021 0.0086257765 0.1235915050 -0.0044057975 0.0133267269 -0.3160794707 -0.9481527284 -0.0234503539 0.0000000000 0.0000000000 0.0331265172
-0.7103813887 -0.0089821788 0.0206470937 0.1045680195 -0.0075871083 0.2004471358 0.0340948916 -0.0013752313 -0.0055489830 -0.0075371598 -0.1295343951 -0.3220008830 -0.9464099903 -0.0249712158 0.9466143293 -0.3222750078 0.0077544087 -0.0153864486 -0.0211411842 0.9996580953 0.0796978128 0.2874450746 -0.0933028580 -0.0001729186 -0.0000001058 -0.0003498888 -0.0061903624 -0.0001886535 0.2068527192 0.0341148451 0.0086942585 0.1301300824 -0.0049003209 0.0140660433 -0.3158853991 -0.9481427118 -0.0249137323 0.0000000000 0.0000000000 0.0347452579
-0.7094429135 -0.0091850301 0.0212812182 0.1041746363 -0.0069922856 0.2004169296 0.0340538204 -0.0020123838 -0.0063756246 -0.0086747555 -0.1259950062 -0.3224289145 -0.9462265016 -0.0263629046 0.9464552128 -0.3227330434 0.0081186709 -0.0161902821 -0.0223336143 0.9996194698 0.0723598839 0.2710946318 -0.0962247697 -0.0002034282 -0.0000003664 -0.0004016416 -0.0068351310 -0.0002211738 0.2075196356 0.0340890549 0.0087664369 0.1366305649 -0.0054201828 0.0148051875 -0.3156837932 -0.9481351303 -0.0262963005 0.0000000000 0.0000000000 0.0363218500
-0.7085981369 -0.0088538341 0.0218400788 0.1037762314 -0.0064058620 0.2003824563 0.0340068626 -0.0026312556 -0.0072463278 -0.0098779156 -0.1222714691 -0.3228703696 -0.9460385819 -0.0276717537 0.9462917207 -0.3232037618 0.0084443844 -0.0169323283 -0.0234591099 0.9995813956 0.0647499448 0.2543261612 -0.0989256239 -0.0002373513 -0.0000007244 -0.0004568836 -0.0075016664 -0.0002569645 0.2082189471 0.0340606011 0.0088423099 0.1430924386 -0.0059652408 0.0155441528 -0.3154752289 -0.9481306395 -0.0275955827 0.0000000000 0.0000000000 0.0378582346
-0.7070226073 -0.0068626036 0.0226872973 0.1032759473 -0.0058273012 0.2003435065 0.0339537023 -0.0032310381 -0.0081575737 -0.0111428205 -0.1183929886 -0.3233244207 -0.9458468581 -0.0288970581 0.9461242893 -0.3236859781 0.0087302194 -0.0176110231 -0.0245175154 0.9995442678 0.0568520364 0.2376519947 -0.1014081997 -0.0002748718 -0.0000011971 -0.0005155398 -0.0081886742 -0.0002961306 0.2089504898 0.0340293609 0.0089218775 0.1495151818 -0.0065353531 0.0162829291 -0.3152602178 -0.9481297874 -0.0288109718 0.0000000000 0.0000000000 0.0393547693
-0.7057744265 -0.0053865574 0.0235028341 0.1027942821 -0.0052579753 0.2002998824 0.0338940341 -0.0038107079 -0.0091080500 -0.0124688956 -0.1142566849 -0.3237901501 -0.9456518122 -0.0300431161 0.9459533611 -0.3241785059 0.0089741279 -0.0182257328 -0.0255136525 0.9995083172 0.0484116376 0.2224930989 -0.1036748986 -0.0003161741 -0.0000018026 -0.0005775303 -0.0088948552 -0.0003387703 0.2097140402 0.0339952074 0.0090051387 0.1558983177 -0.0071303770 0.0170215052 -0.3150391297 -0.9481328143 -0.0299468745 0.0000000000 0.0000000000 0.0408053117
-0.7048363686 -0.0043990812 0.0242716074 0.1023361385 -0.0047018183 0.2002513971 0.0338275600 -0.0043689619 -0.0100942758 -0.0138529848 -0.1098835429 -0.3242665593 -0.9454537888 -0.0311180289 0.9457793864 -0.3246801546 0.0091732961 -0.0187763340 -0.0264561971 0.9994736209 0.0394304824 0.2087430177 -0.1057284768 -0.0003614424 -0.0000025600 -0.0006427697 -0.0096189063 -0.0003849753 0.2105094045 0.0339580178 0.0090920925 0.1622413099 -0.0077501703 0.0177598745 -0.3148122078 -0.9481396694 -0.0310115130 0.0000000000 0.0000000000 0.0422104606
-0.7041893005 -0.0037476395 0.0249443296 0.1019077450 -0.0041602608 0.2001978844 0.0337540012 -0.0049047880 -0.0111119988 -0.0152912888 -0.1053304918 -0.3247526897 -0.9452531563 -0.0321272632 0.9456028007 -0.3251897628 0.0093253131 -0.0192622388 -0.0273512095 0.9994402821 0.0299894603 0.1958893202 -0.1075730863 -0.0004108609 -0.0000034890 -0.0007111666 -0.0103595527 -0.0004348310 0.2113363892 0.0339176655 0.0091827372 0.1685436815 -0.0083945915 0.0184980277 -0.3145797144 -0.9481503641 -0.0320104857 0.0000000000 0.0000000000 0.0435730862
-0.7038064003 -0.0033195047 0.0254901852 0.1015120447 -0.0036335427 0.2001391999 0.0336730978 -0.0054174484 -0.0121568683 -0.0167801925 -0.1006510405 -0.3252476272 -0.9450503076 -0.0330741140 0.9454240205 -0.3257062036 0.0094281733 -0.0196825422 -0.0282025709 0.9994084313 0.0201687549 0.1835698076 -0.1092136612 -0.0004646134 -0.0000046103 -0.0007826255 -0.0111155631 -0.0004884163 0.2121947706 0.0338740312 0.0092770727 0.1748049259 -0.0090634981 0.0192359556 -0.3143419304 -0.9481649780 -0.0329472288 0.0000000000 0.0000000000 0.0448963005
-0.7036557198 -0.0030369665 0.0258953627 0.1011493132 -0.0031213658 0.2000752210 0.0335846070 -0.0059064599 -0.0132244748 -0.0183162286 -0.0958940904 -0.3257504940 -0.9448456487 -0.0339605033 0.9452434414 -0.3262283877 0.0094802669 -0.0200362692 -0.0290127414 0.9993782111 0.0100458426 0.1715623317 -0.1106553100 -0.0005228833 -0.0000059451 -0.0008570474 -0.0118857445 -0.0005458042 0.2130843699 0.0338269882 0.0093750963 0.1810245663 -0.0097567495 0.0199736487 -0.3140991387 -0.9481836354 -0.0338238128 0.0000000000 0.0000000000 0.0461834462
-0.7037028074 -0.0028486026 0.0261572525 0.1008179113 -0.0026230752 0.2000058474 0.0334883034 -0.0063715672 -0.0143103973 -0.0198960738 -0.0911029116 -0.3262604393 -0.9446395887 -0.0347875449 0.9450614373 -0.3267552640 0.0094803609 -0.0203225376 -0.0297833005 0.9993497633 -0.0003062738 0.1597405285 -0.1119030336 -0.0005858538 -0.0000075151 -0.0009343319 -0.0126689468 -0.0006070616 0.2140049487 0.0337764211 0.0094768088 0.1872021109 -0.0104742022 0.0207110979 -0.3138516119 -0.9482064838 -0.0346415050 0.0000000000 0.0000000000 0.0474380371
-0.7039135695 -0.0027202375 0.0262805782 0.1005152240 -0.0021379557 0.1999310006 0.0333839773 -0.0068127128 -0.0154102476 -0.0215165552 -0.0863145937 -0.3267766325 -0.9444325329 -0.0355559173 0.9448783594 -0.3272858183 0.0094275733 -0.0205406544 -0.0305153061 0.9993232198 -0.0108200289 0.1480397468 -0.1129615657 -0.0006537073 -0.0000093426 -0.0010143776 -0.0134640606 -0.0006722501 0.2149563134 0.0337222070 0.0095822066 0.1933370680 -0.0112157157 0.0214482974 -0.3135996017 -0.9482336791 -0.0354011408 0.0000000000 0.0000000000 0.0486636933
-0.7042575479 -0.0026297062 0.0262735505 0.1002385691 -0.0016651138 0.1998506241 0.0332714348 -0.0072300061 -0.0165197042 -0.0231746570 -0.0815600091 -0.3272982572 -0.9442248784 -0.0362660987 0.9446945369 -0.3278190729 0.0093213437 -0.0206901635 -0.0312095258 0.9992986954 -0.0214338397 0.1364339988 -0.1138353300 -0.0007266254 -0.0000114502 -0.0010970832 -0.0142700197 -0.0007414253 0.2159382552 0.0336642228 0.0096912906 0.1994289905 -0.0119811473 0.0221852325 -0.3133433332 -0.9482653746 -0.0361033569 0.0000000000 0.0000000000 0.0498640747
-0.7047066689 -0.0025622640 0.0261475146 0.0999844968 -0.0012037748 0.1997646824 0.0331504963 -0.0076236937 -0.0176345330 -0.0248675167 -0.0768643560 -0.3278245067 -0.9440170106 -0.0369185125 0.9445102773 -0.3283540844 0.0091614037 -0.0207708653 -0.0318665818 0.9992762842 -0.0320920076 0.1249206408 -0.1145283894 -0.0008047890 -0.0000138609 -0.0011823484 -0.0150857978 -0.0008146381 0.2169505358 0.0336023569 0.0098040588 0.2054774016 -0.0127703575 0.0229218993 -0.3130829999 -0.9483017133 -0.0367487346 0.0000000000 0.0000000000 0.0510428296
-0.7052363157 -0.0025087690 0.0259143189 0.0997500196 -0.0007532238 0.1996731613 0.0330209964 -0.0079941323 -0.0187506051 -0.0265924250 -0.0722476396 -0.3283545806 -0.9438093019 -0.0375136116 0.9443258675 -0.3288899419 0.0089477460 -0.0207828155 -0.0324870404 0.9992560567 -0.0427448251 0.1135104060 -0.1150444800 -0.0008883781 -0.0000165980 -0.0012700744 -0.0159104019 -0.0008919341 0.2179929465 0.0335364826 0.0099205095 0.2114818245 -0.0135832028 0.0236582849 -0.3128187620 -0.9483428233 -0.0373378835 0.0000000000 0.0000000000 0.0522035354
-0.7058265209 -0.0024634700 0.0255858470 0.0995320231 -0.0003128052 0.1995760665 0.0328827824 -0.0083417645 -0.0198639081 -0.0283468231 -0.0677252628 -0.3288876822 -0.9436021108 -0.0380519254 0.9441415743 -0.3294257653 0.0086805960 -0.0207263133 -0.0330714637 0.9992380588 -0.0533481969 0.1022207399 -0.1153870513 -0.0009775714 -0.0000196849 -0.0013601641 -0.0167428777 -0.0009733540 0.2190652788 0.0334664844 0.0100406418 0.2174418122 -0.0144195436 0.0243943837 -0.3125507452 -0.9483888150 -0.0378714868 0.0000000000 0.0000000000 0.0533496602
-0.7064597607 -0.0024227081 0.0251734704 0.0993278474 0.0001180768 0.1994734236 0.0327357143 -0.0086670983 -0.0209705492 -0.0301282913 -0.0633088298 -0.3294230174 -0.9433957814 -0.0385340797 0.9439576463 -0.3299607037 0.0083603838 -0.0206018829 -0.0336204363 0.9992223119 -0.0638631985 0.0910717095 -0.1155593003 -0.0010725466 -0.0000231452 -0.0014525235 -0.0175823048 -0.0010589338 0.2201672941 0.0333922468 0.0101644527 0.2233569026 -0.0152792372 0.0251301862 -0.3122790411 -0.9484397799 -0.0383503200 0.0000000000 0.0000000000 0.0544845315
-0.7071208954 -0.0023839802 0.0246882774 0.0991348773 0.0005398988 0.1993652773 0.0325796636 -0.0089706896 -0.0220667595 -0.0319345434 -0.0590066719 -0.3299597934 -0.9431906438 -0.0389608029 0.9437743143 -0.3304939333 0.0079877201 -0.0204102518 -0.0341345785 0.9992088131 -0.0742556328 0.0800836708 -0.1155642054 -0.0011734801 -0.0000270025 -0.0015470604 -0.0184277892 -0.0011487050 0.2212987691 0.0333136544 0.0102919424 0.2292266488 -0.0161621440 0.0258656796 -0.3120037080 -0.9484957898 -0.0387752568 0.0000000000 0.0000000000 0.0556113119
-0.7077991962 -0.0023462432 0.0241410304 0.0989506841 0.0009531972 0.1992516908 0.0324145129 -0.0092531275 -0.0231488973 -0.0337634233 -0.0548242842 -0.3304972184 -0.9429870146 -0.0393329234 0.9435917932 -0.3310246564 0.0075633727 -0.0201523297 -0.0346145501 0.9991975363 -0.0844957398 0.0692759686 -0.1154045765 -0.0012805467 -0.0000312805 -0.0016436860 -0.0192784742 -0.0012426947 0.2224594802 0.0332305878 0.0104231089 0.2350506186 -0.0170681216 0.0266008601 -0.3117247723 -0.9485568971 -0.0391472649 0.0000000000 0.0000000000 0.0567329756
-0.7084851861 -0.0023085582 0.0235407669 0.0987734124 0.0013583294 0.1991327450 0.0322401552 -0.0095150218 -0.0242134427 -0.0356128878 -0.0507650550 -0.3310345015 -0.9427851974 -0.0396513611 0.9434102831 -0.3315520992 0.0070882451 -0.0198291845 -0.0350610481 0.9991884339 -0.0945579029 0.0586655770 -0.1150830527 -0.0013939198 -0.0000360030 -0.0017423141 -0.0201335214 -0.0013409258 0.2236492038 0.0331429355 0.0105579505 0.2408283502 -0.0179970320 0.0273357145 -0.3114422309 -0.9486231362 -0.0394673973 0.0000000000 0.0000000000 0.0578522902
-0.7091701031 -0.0022704562 0.0228959229 0.0986009911 0.0017553550 0.1990085380 0.0320564936 -0.0097569937 -0.0252569975 -0.0374810014 -0.0468306090 -0.3315708530 -0.9425854833 -0.0399171151 0.9432299705 -0.3320755111 0.0065633570 -0.0194420214 -0.0354748014 0.9991814381 -0.1044200795 0.0482672330 -0.1146021592 -0.0015137714 -0.0000411935 -0.0018428622 -0.0209921282 -0.0014434170 0.2248676866 0.0330505781 0.0106964661 0.2465594113 -0.0189487301 0.0280702375 -0.3111560528 -0.9486945237 -0.0397367795 0.0000000000 0.0000000000 0.0589718155
-0.7098493576 -0.0022309087 0.0222137086 0.0984320864 0.0021447507 0.1988791848 0.0318634401 -0.0099796679 -0.0262762867 -0.0393659356 -0.0430209578 -0.3321054849 -0.9423881522 -0.0401312531 0.9430510297 -0.3325941631 0.0059898276 -0.0189921631 -0.0358565650 0.9991764631 -0.1140634461 0.0380933156 -0.1139644173 -0.0016402717 -0.0000468756 -0.0019452502 -0.0218535103 -0.0015501830 0.2261147201 0.0329534076 0.0108386530 0.2522433698 -0.0199230798 0.0288044177 -0.3108661818 -0.9487710602 -0.0399565981 0.0000000000 0.0000000000 0.0600938997
-0.7105177045 -0.0021903331 0.0215020552 0.0982649773 0.0025265759 0.1987448162 0.0316609161 -0.0101836658 -0.0272681500 -0.0412659493 -0.0393351335 -0.3326376117 -0.9421934728 -0.0402949017 0.9428736239 -0.3331073470 0.0053688600 -0.0184810327 -0.0362071152 0.9991734065 -0.1234720501 0.0281546191 -0.1131722418 -0.0017735888 -0.0000530724 -0.0020494016 -0.0227169078 -0.0016612349 0.2273900360 0.0328513123 0.0109845093 0.2578798532 -0.0209199358 0.0295382477 -0.3105725383 -0.9488527313 -0.0401280910 0.0000000000 0.0000000000 0.0612206800
-0.7111711502 -0.0021481034 0.0207666550 0.0980985314 0.0029010095 0.1986055785 0.0314488511 -0.0103696012 -0.0282295425 -0.0431793895 -0.0357712454 -0.3331664511 -0.9420017036 -0.0404092358 0.9426979065 -0.3336143746 0.0047017270 -0.0179101368 -0.0365272443 0.9991721510 -0.1326327933 0.0184591286 -0.1122280397 -0.0019138893 -0.0000598073 -0.0021552430 -0.0235815849 -0.0017765797 0.2286934257 0.0327441730 0.0111340340 0.2634683549 -0.0219391622 0.0302717183 -0.3102750222 -0.9489395087 -0.0402525364 0.0000000000 0.0000000000 0.0623540718
-0.7118078470 -0.0021038919 0.0200125966 0.0979317501 0.0032679918 0.1984616328 0.0312271827 -0.0105380762 -0.0291575330 -0.0451046862 -0.0323266390 -0.3336912249 -0.9418130934 -0.0404754675 0.9425240219 -0.3341145762 0.0039897579 -0.0172810499 -0.0368177532 0.9991725669 -0.1415349066 0.0090131966 -0.1111342062 -0.0020613379 -0.0000671031 -0.0022627034 -0.0244468246 -0.0018962210 0.2300246507 0.0326318815 0.0112872263 0.2690085173 -0.0229806174 0.0310048182 -0.3099735148 -0.9490313519 -0.0403312413 0.0000000000 0.0000000000 0.0634957840
-0.7124252319 -0.0020573782 0.0192450956 0.0977635905 0.0036277613 0.1983131548 0.0309958561 -0.0106896780 -0.0300492976 -0.0470403402 -0.0289982538 -0.3342111598 -0.9416278823 -0.0404948391 0.9423521068 -0.3346073010 0.0032343280 -0.0165954022 -0.0370794484 0.9991745129 -0.1501696096 -0.0001781495 -0.1098931906 -0.0022160965 -0.0000749825 -0.0023717154 -0.0253119301 -0.0020201586 0.2313834429 0.0325143300 0.0114440825 0.2744999230 -0.0240441598 0.0317375399 -0.3096678811 -0.9491282091 -0.0403655347 0.0000000000 0.0000000000 0.0646473291
-0.7130219936 -0.0020081298 0.0184686035 0.0975932106 0.0039802580 0.1981603337 0.0307548239 -0.0108249775 -0.0309021201 -0.0489849233 -0.0257825981 -0.3347254891 -0.9414463012 -0.0404686170 0.9421822913 -0.3350919153 0.0024368483 -0.0158548682 -0.0373131391 0.9991778384 -0.1585300952 -0.0091112742 -0.1085074212 -0.0023783264 -0.0000834678 -0.0024822145 -0.0261762273 -0.0021483896 0.2327695638 0.0323914029 0.0116046006 0.2799421549 -0.0251296498 0.0324698798 -0.3093579721 -0.9492300181 -0.0403567614 0.0000000000 0.0000000000 0.0658100212
-0.7135975361 -0.0019562666 0.0176868923 0.0974198505 0.0043254225 0.1980033722 0.0305040456 -0.0109445271 -0.0317133886 -0.0509370726 -0.0226759046 -0.3352334528 -0.9412685731 -0.0403980858 0.9420146993 -0.3355678029 0.0015987565 -0.0150611561 -0.0375196340 0.9991823851 -0.1666113295 -0.0177836303 -0.1069793746 -0.0025481847 -0.0000925810 -0.0025941385 -0.0270390566 -0.0022809068 0.2341827750 0.0322629958 0.0117687806 0.2853348255 -0.0262369495 0.0332018174 -0.3090436267 -0.9493367081 -0.0403062751 0.0000000000 0.0000000000 0.0669849849
-0.7141510248 -0.0019008345 0.0169032514 0.0972430408 0.0046632546 0.1978424855 0.0302434873 -0.0110488600 -0.0324805920 -0.0528954837 -0.0196742808 -0.3357342992 -0.9410949134 -0.0402845420 0.9418494496 -0.3360343639 0.0007215084 -0.0142159984 -0.0376997386 0.9991879879 -0.1744097451 -0.0261939431 -0.1053115971 -0.0027258277 -0.0001023437 -0.0027074285 -0.0278997794 -0.0024177001 0.2356228232 0.0321289971 0.0119366180 0.2906775475 -0.0273659173 0.0339333527 -0.3087246734 -0.9494481998 -0.0402154338 0.0000000000 0.0000000000 0.0681731687
-0.7146823406 -0.0018422583 0.0161205269 0.0970620885 0.0049937549 0.1976779013 0.0299731213 -0.0111384896 -0.0332013187 -0.0548589104 -0.0167737001 -0.3362272857 -0.9409255297 -0.0401292908 0.9416866567 -0.3364910149 -0.0001934287 -0.0133211438 -0.0378542537 0.9991944769 -0.1819231520 -0.0343412387 -0.1035066848 -0.0029114089 -0.0001127773 -0.0028220280 -0.0287577659 -0.0025587566 0.2370894700 0.0319893025 0.0121081136 0.2959699035 -0.0285164118 0.0346644782 -0.3084009328 -0.9495644069 -0.0400855950 0.0000000000 0.0000000000 0.0693753526
-0.7151913047 -0.0017799567 0.0153416870 0.0968768075 0.0053168628 0.1975098589 0.0296929263 -0.0112139089 -0.0338732542 -0.0568261594 -0.0139700974 -0.3367116800 -0.9407606224 -0.0399336430 0.9415264314 -0.3369371885 -0.0011445826 -0.0123783512 -0.0379839747 0.9992016784 -0.1891504556 -0.0422256102 -0.1015672774 -0.0031050793 -0.0001239026 -0.0029378827 -0.0296124145 -0.0027040602 0.2385824472 0.0318438001 0.0122832619 0.3012115061 -0.0296882968 0.0353951752 -0.3080722187 -0.9496852369 -0.0399181137 0.0000000000 0.0000000000 0.0705921618
-0.7156780958 -0.0017133637 0.0145688029 0.0966866165 0.0056324601 0.1973386090 0.0294028865 -0.0112755904 -0.0344941784 -0.0587960890 -0.0112593866 -0.3371867609 -0.9406003853 -0.0396989107 0.9413688811 -0.3373723326 -0.0021304817 -0.0113893822 -0.0380896893 0.9992094163 -0.1960917349 -0.0498476728 -0.0994960748 -0.0033069872 -0.0001357399 -0.0030549406 -0.0304631311 -0.0028535910 0.2401015013 0.0316923819 0.0124620646 0.3064020276 -0.0308814328 0.0361254439 -0.3077383398 -0.9498105918 -0.0397143374 0.0000000000 0.0000000000 0.0718240690
-0.7161432505 -0.0016425684 0.0138038276 0.0964912102 0.0059404867 0.1971644131 0.0291029919 -0.0113239865 -0.0350619639 -0.0607676055 -0.0086375102 -0.3376518193 -0.9404450050 -0.0394264060 0.9412141108 -0.3377959108 -0.0031496604 -0.0103559964 -0.0381721783 0.9992175129 -0.2027480112 -0.0572081124 -0.0972958579 -0.0035172794 -0.0001483091 -0.0031731531 -0.0313093401 -0.0030073277 0.2416463792 0.0315349475 0.0126445163 0.3115410507 -0.0320956782 0.0368552767 -0.3073991015 -0.9499403686 -0.0394756062 0.0000000000 0.0000000000 0.0730714091
-0.7165871859 -0.0015678244 0.0130485343 0.0962906107 0.0062408233 0.1969875430 0.0287932377 -0.0113595294 -0.0355745731 -0.0627396597 -0.0061005046 -0.3381061589 -0.9402946619 -0.0391174405 0.9410622232 -0.3382074017 -0.0042006633 -0.0092799466 -0.0382322156 0.9992257904 -0.2091210819 -0.0643081402 -0.0949694729 -0.0037360985 -0.0001616298 -0.0032924726 -0.0321504883 -0.0031652446 0.2432168275 0.0313713923 0.0128306160 0.3166282177 -0.0333308950 0.0375846550 -0.3070543071 -0.9500744603 -0.0392032507 0.0000000000 0.0000000000 0.0743343902
-0.7170097828 -0.0014881034 0.0123044299 0.0960844979 0.0065334700 0.1968082804 0.0284736243 -0.0113826318 -0.0360300564 -0.0647112458 -0.0036444950 -0.3385490977 -0.9401495296 -0.0387733208 0.9409133192 -0.3386062990 -0.0052820490 -0.0081629747 -0.0382705669 0.9992340715 -0.2152134298 -0.0711497091 -0.0925198430 -0.0039635859 -0.0001757207 -0.0034128544 -0.0329860225 -0.0033273143 0.2448125780 0.0312016048 0.0130203618 0.3216631413 -0.0345869437 0.0383135788 -0.3067037592 -0.9502127567 -0.0388985894 0.0000000000 0.0000000000 0.0756131032
-0.7174122334 -0.0014039939 0.0115727084 0.0958726704 0.0068182484 0.1966269167 0.0281441568 -0.0113936871 -0.0364265514 -0.0666814033 -0.0012656141 -0.3389799683 -0.9400097757 -0.0383953484 0.9407674982 -0.3389921113 -0.0063923933 -0.0070068080 -0.0382879891 0.9992421801 -0.2210282596 -0.0777343875 -0.0899499338 -0.0041998792 -0.0001906003 -0.0035342551 -0.0338154137 -0.0034935065 0.2464333624 0.0310254879 0.0132137518 0.3266454935 -0.0358636864 0.0390420295 -0.3063472605 -0.9503551445 -0.0385629276 0.0000000000 0.0000000000 0.0769075274
-0.7183622122 -0.0014748190 0.0110394042 0.0957276747 0.0070950389 0.1964437521 0.0278048452 -0.0113930697 -0.0367622790 -0.0686492095 0.0010398282 -0.3393981186 -0.9398755612 -0.0379848195 0.9406248584 -0.3393643623 -0.0075302926 -0.0058131561 -0.0382852326 0.9992499428 -0.2265692514 -0.0840643346 -0.0872627972 -0.0044451128 -0.0002062864 -0.0036566332 -0.0346381515 -0.0036637876 0.2480789423 0.0308429338 0.0134107815 0.3315749466 -0.0371609852 0.0397700109 -0.3059846157 -0.9505015081 -0.0381975580 0.0000000000 0.0000000000 0.0782175446
-0.7198981047 -0.0016623795 0.0106947217 0.0956671387 0.0073640803 0.1962590967 0.0274557119 -0.0113813423 -0.0370351109 -0.0706106180 0.0031929605 -0.3398029153 -0.9397470594 -0.0375425492 0.9404854973 -0.3397225864 -0.0086944606 -0.0045834581 -0.0382626261 0.9992572058 -0.2318785716 -0.0903312329 -0.0844615184 -0.0046994206 -0.0002227961 -0.0037799510 -0.0354537293 -0.0038381228 0.2497490197 0.0306538437 0.0136114508 0.3364510834 -0.0384786986 0.0404975042 -0.3056156433 -0.9506517637 -0.0378032896 0.0000000000 0.0000000000 0.0795413643
-0.7212934494 -0.0017080216 0.0102765225 0.0956134945 0.0076251938 0.1960732707 0.0270968038 -0.0113595788 -0.0372431660 -0.0725605879 0.0050886964 -0.3401937437 -0.9396244791 -0.0370682494 0.9403495117 -0.3400663243 -0.0098838759 -0.0033185316 -0.0382195430 0.9992638560 -0.2370093291 -0.0967391734 -0.0815489616 -0.0049629309 -0.0002401461 -0.0039041727 -0.0362616479 -0.0040164730 0.2514433563 0.0304581132 0.0138157550 0.3412736058 -0.0398166887 0.0412245058 -0.3052401886 -0.9508059024 -0.0373798332 0.0000000000 0.0000000000 0.0808770298
-0.7225352526 -0.0016344845 0.0097955912 0.0955645144 0.0078787366 0.1958866019 0.0267281833 -0.0113291217 -0.0373852944 -0.0744980436 0.0067261372 -0.3405699986 -0.9395080310 -0.0365613977 0.9402169961 -0.3403951265 -0.0110976609 -0.0020189801 -0.0381551779 0.9992697865 -0.2419648301 -0.1031879433 -0.0785279425 -0.0052357707 -0.0002583519 -0.0040292707 -0.0370614119 -0.0041987989 0.2531616688 0.0302556437 0.0140236951 0.3460421562 -0.0411748216 0.0419510081 -0.3048580989 -0.9509639261 -0.0369266645 0.0000000000 0.0000000000 0.0822249539
-0.7236244678 -0.0014828210 0.0092738597 0.0955158845 0.0081248879 0.1956994229 0.0263499132 -0.0112911813 -0.0374604687 -0.0764229800 0.0081326648 -0.3409310824 -0.9393978879 -0.0360222887 0.9400880421 -0.3407085610 -0.0123348961 -0.0006857268 -0.0380694723 0.9992748596 -0.2467365589 -0.1095259668 -0.0754013080 -0.0055180630 -0.0002774286 -0.0041552214 -0.0378525592 -0.0043850569 0.2549037039 0.0300463326 0.0142352646 0.3507564366 -0.0425529517 0.0426769927 -0.3044692015 -0.9511257736 -0.0364440660 0.0000000000 0.0000000000 0.0835858394
-0.7245668173 -0.0012829818 0.0087284017 0.0954644233 0.0083638867 0.1955120716 0.0259620558 -0.0112468289 -0.0374676290 -0.0783354231 0.0093359883 -0.3412764093 -0.9392941920 -0.0354518469 0.9399627386 -0.3410062112 -0.0135946284 0.0006800555 -0.0379629411 0.9992789163 -0.2513182154 -0.1156482933 -0.0721719456 -0.0058099288 -0.0002973902 -0.0042820093 -0.0386346243 -0.0045752022 0.2566691339 0.0298300795 0.0144504635 0.3554160595 -0.0439509489 0.0434024632 -0.3040733121 -0.9512913351 -0.0359329409 0.0000000000 0.0000000000 0.0849600362
-0.7253708839 -0.0010550019 0.0081699165 0.0954082906 0.0085955532 0.1953248914 0.0255646737 -0.0111969997 -0.0374056875 -0.0802354049 0.0103629430 -0.3416054088 -0.9391970638 -0.0348513983 0.9398411731 -0.3412876755 -0.0148758833 0.0020770332 -0.0378364613 0.9992817862 -0.2557058224 -0.1214904143 -0.0688427474 -0.0061114850 -0.0003182501 -0.0044096224 -0.0394071788 -0.0047691865 0.2584577501 0.0296067894 0.0146692889 0.3600207865 -0.0453686677 0.0441273972 -0.3036702433 -0.9514604714 -0.0353945850 0.0000000000 0.0000000000 0.0863475901
-0.7260473371 -0.0008130668 0.0076067620 0.0953461006 0.0088198874 0.1951382311 0.0251578289 -0.0111424987 -0.0372735341 -0.0821229525 0.0112389010 -0.3419175284 -0.9391066094 -0.0342225068 0.9397234313 -0.3415525663 -0.0161776742 0.0035037758 -0.0376911219 0.9992832946 -0.2598968831 -0.1270153039 -0.0654167096 -0.0064228470 -0.0003400206 -0.0045380532 -0.0401697904 -0.0049669608 0.2602692544 0.0293763615 0.0148917362 0.3645702004 -0.0468059778 0.0448518023 -0.3032598098 -0.9516330259 -0.0348305252 0.0000000000 0.0000000000 0.0877483291
-0.7266075611 -0.0005661770 0.0070436029 0.0952773541 0.0090365931 0.1949524452 0.0247415837 -0.0110840097 -0.0370700458 -0.0839980783 0.0119873639 -0.3422122354 -0.9390229239 -0.0335668638 0.9396095978 -0.3418005097 -0.0174990091 0.0049587995 -0.0375281224 0.9992832683 -0.2638901281 -0.1322052282 -0.0618968908 -0.0067441240 -0.0003627135 -0.0046672984 -0.0409220494 -0.0051684733 0.2621033788 0.0291386973 0.0151178055 0.3690640628 -0.0482627377 0.0455756560 -0.3028418323 -0.9518088342 -0.0342424091 0.0000000000 0.0000000000 0.0891619120
-0.7270631790 -0.0003198311 0.0064841197 0.0952014774 0.0092454301 0.1947678936 0.0243160002 -0.0110221048 -0.0367940944 -0.0858607750 0.0126297828 -0.3424890174 -0.9389460953 -0.0328862128 0.9394997561 -0.3420311454 -0.0188388949 0.0064405977 -0.0373487035 0.9992815384 -0.2676849869 -0.1370548737 -0.0582864754 -0.0070754257 -0.0003863396 -0.0047973576 -0.0416635610 -0.0053736707 0.2639597952 0.0288937017 0.0153474919 0.3735020459 -0.0497388057 0.0462989546 -0.3024161395 -0.9519877300 -0.0336319300 0.0000000000 0.0000000000 0.0905878798
-0.7274249792 -0.0000774488 0.0059303842 0.0951186419 0.0094462205 0.1945849421 0.0238811405 -0.0109572556 -0.0364445554 -0.0877110131 0.0131854982 -0.3427473842 -0.9388762059 -0.0321823016 0.9393939883 -0.3422441271 -0.0201963405 0.0079476598 -0.0371541035 0.9992779430 -0.2712815431 -0.1415667433 -0.0545887692 -0.0074168565 -0.0004109090 -0.0049282326 -0.0423939414 -0.0055824965 0.2658382952 0.0286412779 0.0155807948 0.3778838515 -0.0512340516 0.0470216908 -0.3019825701 -0.9521695490 -0.0330007797 0.0000000000 0.0000000000 0.0920256809
-0.7277036309 0.0001589358 0.0053837523 0.0950288326 0.0096387854 0.1944039619 0.0234370672 -0.0108898427 -0.0360203162 -0.0895487436 0.0136718523 -0.3429868677 -0.9388133334 -0.0314568531 0.9392923756 -0.3424391226 -0.0215703597 0.0094784841 -0.0369455324 0.9992723282 -0.2746803146 -0.1457481256 -0.0508071685 -0.0077685169 -0.0004364310 -0.0050599277 -0.0431128219 -0.0057948940 0.2677385509 0.0283813290 0.0158177093 0.3822091818 -0.0527483374 0.0477438532 -0.3015409734 -0.9523541313 -0.0323506197 0.0000000000 0.0000000000 0.0934746965
-0.7279082537 0.0003884658 0.0048456113 0.0949321911 0.0098228278 0.1942253299 0.0229838429 -0.0108201658 -0.0355202833 -0.0913738973 0.0141042374 -0.3432070227 -0.9387575515 -0.0307115473 0.9391949977 -0.3426158139 -0.0229599728 0.0110315860 -0.0367241555 0.9992645498 -0.2778821291 -0.1496091582 -0.0469451503 -0.0081305057 -0.0004629141 -0.0051924493 -0.0438198410 -0.0060108034 0.2696602941 0.0281137619 0.0160582326 0.3864777386 -0.0542815216 0.0484654307 -0.3010912097 -0.9525413231 -0.0316830634 0.0000000000 0.0000000000 0.0949342574
-0.7280477285 0.0006110370 0.0043164073 0.0948290229 0.0099982265 0.1940494283 0.0225215308 -0.0107484533 -0.0349433887 -0.0931863912 0.0144963257 -0.3434074269 -0.9387089303 -0.0299480111 0.9391019329 -0.3427738977 -0.0243642079 0.0126055030 -0.0364910851 0.9992544731 -0.2808882426 -0.1531615111 -0.0430063051 -0.0085029192 -0.0004903659 -0.0053258045 -0.0445146598 -0.0062301639 0.2716032267 0.0278384835 0.0163023621 0.3906892538 -0.0558334738 0.0491864234 -0.3006331509 -0.9527309775 -0.0309996661 0.0000000000 0.0000000000 0.0964036513
-0.7281298637 0.0008264778 0.0037963358 0.0947195664 0.0101647452 0.1938766443 0.0220501944 -0.0106748698 -0.0342885952 -0.0949861292 0.0148601606 -0.3435876818 -0.9386675362 -0.0291678138 0.9390132582 -0.3429130854 -0.0257821030 0.0141987981 -0.0362473769 0.9992419736 -0.2837001790 -0.1564172339 -0.0389942885 -0.0088858465 -0.0005187934 -0.0054600015 -0.0451969579 -0.0064529129 0.2735670805 0.0275553968 0.0165500939 0.3948434293 -0.0574040525 0.0499068126 -0.3001666802 -0.9529229547 -0.0303019211 0.0000000000 0.0000000000 0.0978821360
-0.7281618118 0.0010355782 0.0032859922 0.0946039483 0.0103225019 0.1937073707 0.0215698980 -0.0105995243 -0.0335549023 -0.0967730057 0.0152063219 -0.3437474121 -0.9386334321 -0.0283724666 0.9389290488 -0.3430331033 -0.0272127067 0.0158100610 -0.0359940306 0.9992269371 -0.2863195989 -0.1593885086 -0.0349128415 -0.0092793778 -0.0005482026 -0.0055950489 -0.0458664186 -0.0066789864 0.2755515873 0.0272644106 0.0168014280 0.3989399970 -0.0589931197 0.0506265946 -0.2996916924 -0.9531171223 -0.0295912588 0.0000000000 0.0000000000 0.0993689498
-0.7281496525 0.0012390459 0.0027851390 0.0944826156 0.0104711996 0.1935420047 0.0210807060 -0.0105224768 -0.0327413493 -0.0985469086 0.0155440603 -0.3438862664 -0.9386066767 -0.0275634231 0.9388493783 -0.3431336931 -0.0286550791 0.0174379094 -0.0357319908 0.9992092594 -0.2887484949 -0.1620869654 -0.0307656876 -0.0096835969 -0.0005785989 -0.0057309563 -0.0465227403 -0.0069083171 0.2775563896 0.0269654356 0.0170563608 0.4029786885 -0.0606005453 0.0513457619 -0.2992080934 -0.9533133553 -0.0288690483 0.0000000000 0.0000000000 0.1008633106
-0.7280990481 0.0014371416 0.0022939404 0.0943559259 0.0106108971 0.1933809485 0.0205826837 -0.0104437447 -0.0318470195 -0.1003077237 0.0158814776 -0.3440039167 -0.9385873248 -0.0267420832 0.9387743185 -0.3432146115 -0.0301082930 0.0190809885 -0.0354621517 0.9991888469 -0.2909889960 -0.1645233387 -0.0265566333 -0.0100985859 -0.0006099869 -0.0058677332 -0.0471656546 -0.0071408404 0.2795812488 0.0266583748 0.0173148848 0.4069592357 -0.0622261874 0.0520643033 -0.2987158006 -0.9535115353 -0.0281366010 0.0000000000 0.0000000000 0.1023644269
-0.7280154228 0.0016304315 0.0018125753 0.0942240357 0.0107415356 0.1932246085 0.0200758969 -0.0103633081 -0.0308710423 -0.1020553366 0.0162256270 -0.3441000589 -0.9385754268 -0.0259097968 0.9387039395 -0.3432756305 -0.0315714343 0.0207379706 -0.0351853607 0.9991656154 -0.2930433710 -0.1667079210 -0.0222894889 -0.0105244210 -0.0006423703 -0.0060053892 -0.0477948785 -0.0073764846 0.2816258967 0.0263431426 0.0175770018 0.4108813703 -0.0638699159 0.0527822077 -0.2982147424 -0.9537115509 -0.0273951745 0.0000000000 0.0000000000 0.1038714991
-0.7279024720 0.0018200035 0.0013411782 0.0940872207 0.0108629959 0.1930733955 0.0195604120 -0.0102811147 -0.0298125979 -0.1037896326 0.0165825630 -0.3441744124 -0.9385710287 -0.0250678651 0.9386383091 -0.3433165376 -0.0330436026 0.0224075555 -0.0349024210 0.9991394910 -0.2949140793 -0.1686504347 -0.0179680766 -0.0109611787 -0.0006757519 -0.0061439332 -0.0484101698 -0.0076151835 0.2836899757 0.0260196459 0.0178427063 0.4147448540 -0.0655315816 0.0534994677 -0.2977048581 -0.9539132969 -0.0266459745 0.0000000000 0.0000000000 0.1053837228
-0.7277643085 0.0020061852 0.0008794365 0.0939458683 0.0109755164 0.1929277242 0.0190362958 -0.0101970844 -0.0286709155 -0.1055105055 0.0169576020 -0.3442267200 -0.9385741717 -0.0242175452 0.9385774933 -0.3433371355 -0.0345239127 0.0240884702 -0.0346140961 0.9991104093 -0.2966038209 -0.1703595283 -0.0135962575 -0.0114089279 -0.0007101342 -0.0062833736 -0.0490112901 -0.0078568626 0.2857732475 0.0256877970 0.0181119964 0.4185494483 -0.0672110692 0.0542160794 -0.2971860976 -0.9541166745 -0.0258901594 0.0000000000 0.0000000000 0.1069002900
