# Actions and States
# action[0], ..., state[0], ..., command[0], ...
-0.8799059391 0.0586994775 -0.1039793491 0.1364295185 0.0415596440 -0.0628105185 0.1774474555 -0.1909422863 0.0000000000 0.0000000000 0.0000000000 -0.6383035392 0.7697847699 0.0000000000 -0.7697847699 -0.6383035392 0.0000000000 0.0000000000 0.0000000000 1.0000000000 0.0000000000 0.0000000000 0.0000000000 -0.0000000446 0.0000000001 -0.0000000031 -0.0000044571 -0.0000000111 -0.0627392605 0.1774472594 -0.1909373105 0.0142333200 -0.0000559212 0.0009968408 -0.6383172513 0.7697733996 0.0000000000 0.0000000000 0.0000000000 0.0035585629
-0.8667672276 0.0667515844 -0.0889742896 0.1321053803 0.0381083041 -0.0628105192 0.1774474553 -0.1909967157 -0.0000004376 -0.0000000962 -0.0217717730 -0.6383283616 0.7697641851 -0.0000470014 -0.7697641800 -0.6383283629 -0.0000911861 -0.0001001941 -0.0000220266 0.9999999947 -0.0364747978 0.0187958277 0.0128995878 -0.0000002673 0.0000000007 -0.0000001548 0.0000144384 0.0000000138 -0.0626503974 0.1774468273 -0.1909310669 0.0213073548 -0.0001256075 0.0014952461 -0.6383343495 0.7697592181 -0.0000470021 0.0000000000 0.0000000000 0.0053259065
-0.8498044610 0.0720075071 -0.0736931041 0.1276845336 0.0339462794 -0.0628105338 0.1774474519 -0.1911824410 -0.0000056019 -0.0000013756 -0.0470754046 -0.6384131403 0.7696938555 -0.0001763544 -0.7696937586 -0.6384131528 -0.0004053607 -0.0004245906 -0.0001230487 0.9999999023 -0.0800814685 0.0282396399 0.0279489519 -0.0000008458 0.0000000027 -0.0000009317 0.0001024403 0.0000003060 -0.0625262335 0.1774459630 -0.1909223497 0.0283521842 -0.0002229196 0.0019936329 -0.6383581775 0.7697394203 -0.0001763255 0.0000000000 0.0000000000 0.0070757727
-0.8329613805 0.0715133324 -0.0618988797 0.1242843196 0.0302176848 -0.0628106052 0.1774474311 -0.1914861273 -0.0000219591 -0.0000068732 -0.0694339585 -0.6385522450 0.7695784154 -0.0003047811 -0.7695779387 -0.6385522172 -0.0009285442 -0.0009092062 -0.0003583712 0.9999995225 -0.1205878164 0.0218983113 0.0414345668 -0.0000019571 0.0000000079 -0.0000029696 0.0002523717 0.0000011930 -0.0623669215 0.1774445474 -0.1909111440 0.0353672169 -0.0003477141 0.0024919955 -0.6383886421 0.7697140742 -0.0003045837 0.0000000000 0.0000000000 0.0088086712
-0.8166244030 0.0671757385 -0.0525923595 0.1216403171 0.0268963072 -0.0628108090 0.1774473564 -0.1918923976 -0.0000560049 -0.0000220321 -0.0887258000 -0.6387397515 0.7694227659 -0.0003704492 -0.7694213904 -0.6387394009 -0.0016436878 -0.0015013113 -0.0007648572 0.9999985805 -0.1575323790 0.0061264786 0.0534412686 -0.0000037776 0.0000000186 -0.0000068320 0.0004565473 0.0000029651 -0.0621726103 0.1774424464 -0.1908974349 0.0423518680 -0.0004998477 0.0029903280 -0.6384257726 0.7696832202 -0.0003697786 0.0000000000 0.0000000000 0.0105359110
-0.8010458946 0.0607369393 -0.0448310971 0.1194916293 0.0239365268 -0.0628112521 0.1774471575 -0.1923861241 -0.0001138941 -0.0000544454 -0.1050289224 -0.6389704509 0.7692312036 -0.0003437900 -0.7692282267 -0.6389691098 -0.0025321852 -0.0021675071 -0.0013535385 0.9999967349 -0.1906676899 -0.0135677292 0.0641357251 -0.0000064838 0.0000000374 -0.0000130067 0.0007080695 0.0000058761 -0.0619434565 0.1774395108 -0.1908812374 0.0493055619 -0.0006791771 0.0034886240 -0.6384697101 0.7696467989 -0.0003421421 0.0000000000 0.0000000000 0.0122709639
-0.7864557505 0.0532879233 -0.0380296484 0.1176719368 0.0213001333 -0.0628120711 0.1774467213 -0.1929527311 -0.0002013566 -0.0001132251 -0.1184720974 -0.6392397614 0.7690074647 -0.0002161040 -0.7690020755 -0.6392362862 -0.0035746806 -0.0028870976 -0.0021188936 0.9999935875 -0.2198995199 -0.0338786821 0.0736671750 -0.0000102517 0.0000000672 -0.0000219066 0.0010007630 0.0000101471 -0.0616796091 0.1774356067 -0.1908625513 0.0562277213 -0.0008855590 0.0039868774 -0.6385206500 0.7696046316 -0.0002127625 0.0000000000 0.0000000000 0.0140247317
-0.7730471492 0.0454697683 -0.0318542495 0.1160815582 0.0189540330 -0.0628134298 0.1774458863 -0.1935784166 -0.0003236123 -0.0002083033 -0.1292267362 -0.6395436295 0.7687548022 0.0000096455 -0.7687461527 -0.6395363743 -0.0047516997 -0.0036467234 -0.0030463342 0.9999887106 -0.2452396780 -0.0530148142 0.0821674773 -0.0000152574 0.0000001110 -0.0000338741 0.0013291026 0.0000159698 -0.0613812320 0.1774305999 -0.1908413619 0.0631177798 -0.0011188502 0.0044850819 -0.6385787953 0.7695564448 0.0000156061 0.0000000000 0.0000000000 0.0158039450
-0.7609566450 0.0376599021 -0.0261213053 0.1146608070 0.0168687198 -0.0628155163 0.1774444409 -0.1942503473 -0.0004852724 -0.0003497596 -0.1375007356 -0.6398784534 0.7684760631 0.0003244630 -0.7684633219 -0.6398652924 -0.0060440489 -0.0044370943 -0.0041167946 0.9999816819 -0.2667667374 -0.0700834038 0.0897533054 -0.0000216770 0.0000001712 -0.0000491849 0.0016881523 0.0000235096 -0.0610484853 0.1774243712 -0.1908176988 0.0699751601 -0.0013789077 0.0049832319 -0.6386443302 0.7695019143 0.0003341623 0.0000000000 0.0000000000 0.0176111317
-0.7502584457 0.0300822668 -0.0207342729 0.1133726090 0.0150173940 -0.0628185396 0.1774421238 -0.1949568146 -0.0006902510 -0.0005472287 -0.1435289071 -0.6402410225 0.7681737562 0.0007165876 -0.7681561423 -0.6402194081 -0.0074330674 -0.0052511140 -0.0053094059 0.9999721176 -0.2846027242 -0.0847107468 0.0965279845 -0.0000296869 0.0000002502 -0.0000680531 0.0020735168 0.0000329089 -0.0606815331 0.1774167717 -0.1907915324 0.0767993107 -0.0016655884 0.0054813218 -0.6387174048 0.7694407106 0.0007313155 0.0000000000 0.0000000000 0.0194452497
-0.7409638166 0.0228717886 -0.0156459250 0.1121935025 0.0133753782 -0.0628227261 0.1774386286 -0.1956873358 -0.0009417026 -0.0008094253 -0.1475618472 -0.6406284676 0.7678501089 0.0011733697 -0.7678269113 -0.6405955121 -0.0089007970 -0.0060828226 -0.0066030487 0.9999596987 -0.2988995142 -0.0968203719 0.1025830157 -0.0000394637 0.0000003492 -0.0000906374 0.0024812943 0.0000442889 -0.0602805465 0.1774076670 -0.1907628775 0.0835896656 -0.0019787492 0.0059793442 -0.6387981290 0.7693725341 0.0011945568 0.0000000000 0.0000000000 0.0213025372
-0.7330322266 0.0161081403 -0.0108373985 0.1111075357 0.0119202454 -0.0628283155 0.1774336085 -0.1964326987 -0.0012419977 -0.0011438105 -0.1498545106 -0.6410382203 0.7675071139 0.0016823419 -0.7674776996 -0.6409907905 -0.0104301017 -0.0069268116 -0.0079772537 0.9999441898 -0.3098305694 -0.1065049438 0.1079993357 -0.0000511844 0.0000004687 -0.0001170475 0.0029080317 0.0000577525 -0.0598456971 0.1773969382 -0.1907317340 0.0903456733 -0.0023182472 0.0064772940 -0.6388865705 0.7692971409 0.0017115271 0.0000000000 0.0000000000 0.0231773698
-0.7263828516 0.0098367734 -0.0063042552 0.1101034433 0.0106313992 -0.0628355571 0.1774266841 -0.1971849533 -0.0015927336 -0.0015563982 -0.1506563810 -0.6414679771 0.7671465657 0.0022318196 -0.7671103821 -0.6414027966 -0.0120047567 -0.0077779125 -0.0094127190 0.9999254496 -0.3175852428 -0.1139497678 0.1128485199 -0.0000650262 0.0000006079 -0.0001473499 0.0033506842 0.0000733866 -0.0593771487 0.1773844510 -0.1906981021 0.0970667899 -0.0026839396 0.0069751646 -0.6389827553 0.7692143565 0.0022706159 0.0000000000 0.0000000000 0.0250630307
-0.7209078074 0.0040785517 -0.0020492347 0.1091731787 0.0094901454 -0.0628447062 0.1774174501 -0.1979373603 -0.0019947738 -0.0020516880 -0.1502037199 -0.6419156704 0.7667700888 0.0028112169 -0.7667266639 -0.6418294197 -0.0136095132 -0.0086310459 -0.0108915947 0.9999034344 -0.3223643183 -0.1193875001 0.1171938004 -0.0000811669 0.0000007648 -0.0001815745 0.0038065733 0.0000912633 -0.0588750876 0.1773700565 -0.1906619817 0.1037524715 -0.0030756835 0.0074729505 -0.6390866704 0.7691240813 0.0028612777 0.0000000000 0.0000000000 0.0269523532
-0.7164845467 -0.0011618058 0.0019218004 0.1083099246 0.0084794518 -0.0628560200 0.1774054835 -0.1986843079 -0.0024483094 -0.0026326988 -0.1487141578 -0.6423794417 0.7663791599 0.0034111921 -0.7663281024 -0.6422688551 -0.0152301435 -0.0094811622 -0.0123976234 0.9998781958 -0.3243759257 -0.1230692601 0.1210910105 -0.0000997844 0.0000009358 -0.0002197202 0.0042733513 0.0001114425 -0.0583396852 0.1773536503 -0.1906233728 0.1104021743 -0.0034933360 0.0079706460 -0.6391982669 0.7690262887 0.0034741791 0.0000000000 0.0000000000 0.0288382264
-0.7129858136 -0.0058917208 0.0056044469 0.1075083986 0.0075843073 -0.0628697549 0.1773903502 -0.1994212080 -0.0029529303 -0.0033010743 -0.1463835704 -0.6428576193 0.7659751245 0.0040236811 -0.7659161260 -0.6427195723 -0.0168534678 -0.0103232385 -0.0139161824 0.9998498740 -0.3238322057 -0.1252465702 0.1245894003 -0.0001210574 0.0000011161 -0.0002617606 0.0047489633 0.0001339730 -0.0577711277 0.1773350835 -0.1905822754 0.1170153618 -0.0039367550 0.0084682433 -0.6393174651 0.7689210190 0.0041012342 0.0000000000 0.0000000000 0.0307139681
-0.7102862597 -0.0101268105 0.0089948289 0.1067637205 0.0067909509 -0.0628861639 0.1773716116 -0.2001443835 -0.0035077013 -0.0040572317 -0.1433848543 -0.6433486990 0.7655592104 0.0046418647 -0.7654920493 -0.6431802849 -0.0184673642 -0.0111523049 -0.0154342653 0.9998186883 -0.3209458537 -0.1261607346 0.1277324949 -0.0001451647 0.0000012991 -0.0003076484 0.0052316147 0.0001588937 -0.0571695939 0.1773142368 -0.1905386895 0.1235915050 -0.0044057975 0.0089657381 -0.6394441583 0.7688083694 0.0047355747 0.0000000000 0.0000000000 0.0325735777
-0.7082681656 -0.0138891907 0.0120924180 0.1060716659 0.0060872282 -0.0629054937 0.1773488303 -0.2008509528 -0.0041112359 -0.0049005318 -0.1398680285 -0.6438513266 0.7651325380 0.0052600941 -0.7650570856 -0.6436499215 -0.0200607652 -0.0119634850 -0.0169404226 0.9997849254 -0.3159276000 -0.1260357596 0.1305586980 -0.0001722853 0.0000014768 -0.0003573201 0.0057197413 0.0001862355 -0.0565352738 0.1772909760 -0.1904926300 0.1301300824 -0.0049003209 0.0094631230 -0.6395782181 0.7686884836 0.0053714786 0.0000000000 0.0000000000 0.0344118893
-0.7068237066 -0.0172036383 0.0148994625 0.1054279879 0.0054625920 -0.0629279829 0.1773215750 -0.2015387191 -0.0047617654 -0.0058294524 -0.1359614095 -0.6443642827 0.7646961290 0.0058737912 -0.7646123571 -0.6441275973 -0.0216236401 -0.0127520428 -0.0184246747 0.9997489269 -0.3089836124 -0.1250746259 0.1331019136 -0.0002025989 0.0000016397 -0.0004106994 0.0062119802 0.0002160217 -0.0558683574 0.1772651970 -0.1904440671 0.1366305649 -0.0054201828 0.0099603925 -0.6397194991 0.7685615407 0.0060042734 0.0000000000 0.0000000000 0.0362246414
-0.7058560848 -0.0200985167 0.0174208991 0.1048288643 0.0049074492 -0.0629538604 0.1772894238 -0.2022060661 -0.0054572018 -0.0068417545 -0.1317733249 -0.6448864697 0.7642509139 0.0064793389 -0.7641589026 -0.6446125886 -0.0231469676 -0.0135134278 -0.0198784107 0.9997110763 -0.3003137236 -0.1234585615 0.1353921706 -0.0002362851 0.0000017767 -0.0004677004 0.0067071454 0.0002482692 -0.0551690310 0.1772367358 -0.1903930157 0.1430924386 -0.0059652408 0.0104575409 -0.6398678430 0.7684277443 0.0066302301 0.0000000000 0.0000000000 0.0380084852
-0.7052813172 -0.0226023179 0.0196644049 0.1042704284 0.0044136355 -0.0629833438 0.1772519682 -0.2028518645 -0.0061951935 -0.0079346343 -0.1273940763 -0.6454168996 0.7637977381 0.0070739691 -0.7636976848 -0.6451043086 -0.0246227001 -0.0142433147 -0.0212942806 0.9996717869 -0.2901097264 -0.1213462368 0.1374560268 -0.0002735236 0.0000018753 -0.0005282306 0.0072042039 0.0002829896 -0.0544374958 0.1772055030 -0.1903394908 0.1495151818 -0.0065353531 0.0109545635 -0.6400230834 0.7682873135 0.0072464538 0.0000000000 0.0000000000 0.0397609465
-0.7033932209 -0.0220922045 0.0222977530 0.1035592109 0.0039737611 -0.0630166381 0.1772088147 -0.2034753882 -0.0069731716 -0.0091048544 -0.1228982029 -0.6459546835 0.7633373683 0.0076556523 -0.7632295945 -0.6456022853 -0.0260437200 -0.0149376381 -0.0226660834 0.9996314899 -0.2785543131 -0.1188751795 0.1393170591 -0.0003144945 0.0000019215 -0.0005921925 0.0077022575 0.0003201893 -0.0536739454 0.1771713346 -0.1902834773 0.1558983177 -0.0071303770 0.0114514502 -0.6401850491 0.7681404742 0.0078507766 0.0000000000 0.0000000000 0.0414803576
-0.7019010782 -0.0218018983 0.0244117007 0.1029696986 0.0035810317 -0.0630539442 0.1771595735 -0.2040756482 -0.0077919883 -0.0103544514 -0.1181090844 -0.6464991060 0.7628703685 0.0082284145 -0.7627554412 -0.6461061194 -0.0274047335 -0.0155898302 -0.0239934037 0.9995905531 -0.2661962172 -0.1183314456 0.1409967940 -0.0003593777 0.0000019003 -0.0006594847 0.0082005141 0.0003598708 -0.0528785810 0.1771341562 -0.1902249753 0.1622413099 -0.0077501703 0.0119481990 -0.6403536285 0.7679872822 0.0084470832 0.0000000000 0.0000000000 0.0431702359
-0.7008932829 -0.0219717640 0.0259726625 0.1025190502 0.0032294281 -0.0630954615 0.1771038501 -0.2046510838 -0.0086493706 -0.0116816912 -0.1130366046 -0.6470496536 0.7623970370 0.0088036196 -0.7622759495 -0.6466154492 -0.0287025720 -0.0161901994 -0.0252827767 0.9995492277 -0.2532428046 -0.1198264130 0.1425158631 -0.0004083531 0.0000017951 -0.0007299991 0.0086982679 0.0004020328 -0.0520516001 0.1770938039 -0.1901639998 0.1685436815 -0.0083945915 0.0124448016 -0.6405287974 0.7678275222 0.0090466008 0.0000000000 0.0000000000 0.0448341210
-0.7002886534 -0.0224218480 0.0271063186 0.1021737531 0.0029142417 -0.0631413710 0.1770412665 -0.2052005262 -0.0095412957 -0.0130831741 -0.1077656121 -0.6476058474 0.7619176507 0.0093893546 -0.7617917855 -0.6471299740 -0.0299344675 -0.0167314663 -0.0265384694 0.9995077627 -0.2397523753 -0.1226135626 0.1438918776 -0.0004616005 0.0000015879 -0.0008036209 0.0091948956 0.0004466705 -0.0511932112 0.1770501584 -0.1901005208 0.1748049259 -0.0090634981 0.0129412524 -0.6407105035 0.7676610143 0.0096572758 0.0000000000 0.0000000000 0.0464733114
-0.7000132799 -0.0230063275 0.0279165674 0.1019051671 0.0026313602 -0.0631918324 0.1769714614 -0.2057232175 -0.0104633678 -0.0145555632 -0.1023723415 -0.6481672203 0.7614324984 0.0099902397 -0.7613035611 -0.6476494481 -0.0310979122 -0.0172087877 -0.0277622523 0.9994664151 -0.2257789708 -0.1260957213 0.1451397513 -0.0005192997 0.0000012597 -0.0008802306 0.0096898498 0.0004937762 -0.0503036194 0.1770031303 -0.1900345832 0.1810245663 -0.0097567495 0.0134375459 -0.6408986565 0.7674876513 0.0102835841 0.0000000000 0.0000000000 0.0480879765
-0.7000056505 -0.0236287080 0.0284751095 0.1016930938 0.0023769692 -0.0632469829 0.1768940899 -0.2062187392 -0.0114110646 -0.0160956695 -0.0969193092 -0.6487333184 0.7609418770 0.0106085517 -0.7608118363 -0.6481736721 -0.0321906897 -0.0176190599 -0.0289542846 0.9994254440 -0.2113825928 -0.1298826007 0.1462722595 -0.0005816302 0.0000007903 -0.0009597057 0.0101826517 0.0005433399 -0.0493830368 0.1769525558 -0.1899661571 0.1872021109 -0.0104742022 0.0139336754 -0.6410931346 0.7673073882 0.0109276567 0.0000000000 0.0000000000 0.0496777000
-0.7002147436 -0.0242295600 0.0288332030 0.1015231162 0.0021476713 -0.0633069369 0.1768088227 -0.2066869497 -0.0123798326 -0.0177003990 -0.0914573816 -0.6493037052 0.7604460839 0.0112450830 -0.7603171201 -0.6487024844 -0.0332108962 -0.0179603827 -0.0301137871 0.9993851032 -0.1966266827 -0.1337296648 0.1473003941 -0.0006487708 0.0000001583 -0.0010419220 0.0106728859 0.0005953491 -0.0484316722 0.1768983454 -0.1898952425 0.1933370680 -0.0112157157 0.0144296354 -0.6412937920 0.7671202280 0.0115901400 0.0000000000 0.0000000000 0.0512418009
-0.7005980015 -0.0247724112 0.0290262792 0.1013849750 0.0019406652 -0.0633717862 0.1767153459 -0.2071279316 -0.0133651475 -0.0193667167 -0.0860277532 -0.6498779624 0.7599454130 0.0118997124 -0.7598198728 -0.6492357536 -0.0341569479 -0.0182316971 -0.0312394857 0.9993456358 -0.1815750568 -0.1374881674 0.1482336562 -0.0007209001 -0.0000006586 -0.0011267557 0.0111601874 0.0006497895 -0.0474497378 0.1768403649 -0.1898218542 0.1994289905 -0.0119811473 0.0149254194 -0.6415004650 0.7669262107 0.0122707678 0.0000000000 0.0000000000 0.0527795259
-0.7011196613 -0.0252366867 0.0290807132 0.1012710482 0.0017533285 -0.0634416002 0.1766133605 -0.2075419491 -0.0143625562 -0.0210916283 -0.0806635609 -0.6504556919 0.7594401512 0.0125717757 -0.7593205082 -0.6497733718 -0.0350275765 -0.0184325429 -0.0323298936 0.9993072697 -0.1662904500 -0.1410712497 0.1490803622 -0.0007981958 -0.0000016836 -0.0012140835 0.0116442423 0.0007066449 -0.0464374535 0.1767784953 -0.1897459924 0.2054774016 -0.0127703575 0.0154210208 -0.6417129766 0.7667254047 0.0129687326 0.0000000000 0.0000000000 0.0542901733
-0.7017506361 -0.0256126970 0.0290159173 0.1011752561 0.0015836345 -0.0635164261 0.1765025825 -0.2079294111 -0.0153677043 -0.0228721744 -0.0753911807 -0.6510365151 0.7589305767 0.0132603036 -0.7588193954 -0.6503152485 -0.0358218202 -0.0185628970 -0.0333834885 0.9992702145 -0.1508332824 -0.1444318108 0.1498477988 -0.0008808349 -0.0000029408 -0.0013037837 0.0121247759 0.0007658979 -0.0453950353 0.1767126173 -0.1896676421 0.2114818245 -0.0135832028 0.0159164350 -0.6419311411 0.7665179004 0.0136829254 0.0000000000 0.0000000000 0.0557731626
-0.7024657130 -0.0258958098 0.0288474970 0.1010931581 0.0014294973 -0.0635962900 0.1763827425 -0.2082908412 -0.0163763517 -0.0247054250 -0.0702314481 -0.6516200734 0.7584169578 0.0139641720 -0.7583168609 -0.6508613058 -0.0365390090 -0.0186230648 -0.0343988188 0.9992346585 -0.1352608726 -0.1475471632 0.1505424540 -0.0009689935 -0.0000044551 -0.0013957373 0.0126015488 0.0008275296 -0.0443227105 0.1766426116 -0.1895868331 0.2174418122 -0.0144195436 0.0164116547 -0.6421547668 0.7663038045 0.0144120861 0.0000000000 0.0000000000 0.0572280702
-0.7032451034 -0.0260874368 0.0285885949 0.1010210365 0.0012893670 -0.0636811969 0.1762535856 -0.2086268527 -0.0173843855 -0.0265884858 -0.0652004658 -0.6522060268 0.7578995525 0.0146821958 -0.7578131909 -0.6514114740 -0.0371787483 -0.0186136059 -0.0353745653 0.9992007675 -0.1196271944 -0.1504106304 0.1511700624 -0.0010628466 -0.0000062522 -0.0014898279 0.0130743580 0.0008915202 -0.0432206951 0.1765683889 -0.1895035356 0.2233569026 -0.0152792372 0.0169066768 -0.6423836587 0.7660832368 0.0151548976 0.0000000000 0.0000000000 0.0586546488
-0.7040713429 -0.0261899494 0.0282494351 0.1009558067 0.0011617537 -0.0637711317 0.1761148714 -0.2089381279 -0.0183878228 -0.0285184965 -0.0603105347 -0.6527940541 0.7573786084 0.0154131874 -0.7573086334 -0.6519656879 -0.0377408997 -0.0185352808 -0.0363095748 0.9991686835 -0.1039822160 -0.1530246953 0.1517357757 -0.0011625681 -0.0000083583 -0.0015859423 0.0135430228 0.0009578488 -0.0420892164 0.1764897853 -0.1894177645 0.2292266488 -0.0161621440 0.0174014904 -0.6426176211 0.7658563263 0.0159100458 0.0000000000 0.0000000000 0.0600528238
-0.7049305439 -0.0262082014 0.0278395433 0.1008948013 0.0010454651 -0.0638660599 0.1759663736 -0.2092254004 -0.0193828163 -0.0304926391 -0.0555706910 -0.6533838514 0.7568543630 0.0161559901 -0.7568034004 -0.6525238842 -0.0382255623 -0.0183890142 -0.0372028733 0.9991385241 -0.0883722382 -0.1553973482 0.1522442258 -0.0012683306 -0.0000108003 -0.0016839709 0.0140073895 0.0010264936 -0.0409285016 0.1764067262 -0.1893295199 0.2350506186 -0.0170681216 0.0178960916 -0.6428564590 0.7656232092 0.0166762529 0.0000000000 0.0000000000 0.0614226937
-0.7058113217 -0.0261474885 0.0273673721 0.1008359492 0.0009393093 -0.0639659281 0.1758078799 -0.2094894407 -0.0203656530 -0.0325081399 -0.0509873123 -0.6539751313 0.7563270433 0.0169094970 -0.7562976699 -0.6530859988 -0.0386330531 -0.0181758670 -0.0380536692 0.9991103824 -0.0728396827 -0.1575394853 0.1526996221 -0.0013803055 -0.0000136054 -0.0017838082 0.0144673241 0.0010974323 -0.0397387855 0.1763190627 -0.1892388016 0.2408283502 -0.0179970320 0.0183904767 -0.6430999796 0.7653840267 0.0174522967 0.0000000000 0.0000000000 0.0627645163
-0.7067035437 -0.0260131899 0.0268397667 0.1007770672 0.0008425115 -0.0640706646 0.1756391918 -0.2097310446 -0.0213327532 -0.0345622722 -0.0465646130 -0.6545676226 0.7557968672 0.0176726610 -0.7557915878 -0.6536519649 -0.0389638883 -0.0178970151 -0.0388613483 0.9990843270 -0.0574231689 -0.1594635397 0.1531057718 -0.0014986626 -0.0000168016 -0.0018853517 0.0149227129 0.0011706420 -0.0385202989 0.1762267202 -0.1891456097 0.2465594113 -0.0189487301 0.0188846365 -0.6433479935 0.7651389230 0.0182370205 0.0000000000 0.0000000000 0.0640786950
-0.7075996399 -0.0258117709 0.0262643620 0.1007164344 0.0007541178 -0.0641801805 0.1754601240 -0.2099510232 -0.0222806704 -0.0366523636 -0.0423049191 -0.6551610691 0.7552640426 0.0184444982 -0.7552852706 -0.6542217120 -0.0392187652 -0.0175537320 -0.0396254660 0.9990604030 -0.0421579164 -0.1611823129 0.1534662064 -0.0016235701 -0.0000204170 -0.0019885041 0.0153734554 0.0012460989 -0.0372732729 0.1761295497 -0.1890499592 0.2522433698 -0.0199230798 0.0193785671 -0.6436003159 0.7648880444 0.0190293377 0.0000000000 0.0000000000 0.0653657692
-0.7084931135 -0.0255482625 0.0256469771 0.1006526500 0.0006734728 -0.0642943698 0.1752705047 -0.2101501947 -0.0232060871 -0.0387757951 -0.0382090872 -0.6557552289 0.7547287686 0.0192240883 -0.7547788068 -0.6547951645 -0.0393985447 -0.0171473751 -0.0403457361 0.9990386324 -0.0270754275 -0.1627085189 0.1537841543 -0.0017551945 -0.0000244802 -0.0020931715 0.0158194657 0.0013237791 -0.0359979421 0.1760274470 -0.1889518201 0.2578798532 -0.0209199358 0.0198722612 -0.6438567673 0.7646315379 0.0198282310 0.0000000000 0.0000000000 0.0666263901
-0.7093784809 -0.0252285730 0.0249933992 0.1005842388 0.0006000399 -0.0644131103 0.1750701749 -0.2103293778 -0.0241058124 -0.0409300046 -0.0342767550 -0.6563498743 0.7541912354 0.0200105730 -0.7542722592 -0.6553722411 -0.0395042337 -0.0166793727 -0.0410220189 0.9990190151 -0.0122040998 -0.1640546892 0.1540626149 -0.0018937007 -0.0000290199 -0.0021992640 0.0162606686 0.0014036582 -0.0346945524 0.1759203076 -0.1888512373 0.2634683549 -0.0219391622 0.0203657132 -0.6441171739 0.7643695500 0.0206327521 0.0000000000 0.0000000000 0.0678613144
-0.7102518082 -0.0248577558 0.0243090168 0.1005101651 0.0005332231 -0.0645362644 0.1748589883 -0.2104893862 -0.0249767793 -0.0431124900 -0.0305065292 -0.6569447905 0.7536516244 0.0208031540 -0.7537656668 -0.6559528546 -0.0395369708 -0.0161512140 -0.0416543102 0.9990015299 0.0024307657 -0.1652325882 0.1543044149 -0.0020392516 -0.0000340650 -0.0023066960 0.0166970026 0.0014857114 -0.0333633386 0.1758080125 -0.1887481660 0.2690085173 -0.0229806174 0.0208589155 -0.6443813688 0.7641022260 0.0214420190 0.0000000000 0.0000000000 0.0690713857
-0.7111092210 -0.0244409107 0.0235983264 0.1004292369 0.0004725456 -0.0646636793 0.1746368107 -0.2106310243 -0.0258160404 -0.0453208078 -0.0268962481 -0.6575397760 0.7531101088 0.0216010887 -0.7532590466 -0.6565369113 -0.0394980107 -0.0155644391 -0.0422427286 0.9989861361 0.0168067440 -0.1662534634 0.1545121942 -0.0021920083 -0.0000396447 -0.0024153858 0.0171284135 0.0015699139 -0.0320045501 0.1756904572 -0.1886426359 0.2744999230 -0.0240441598 0.0213518646 -0.6446491918 0.7638297093 0.0222552118 0.0000000000 0.0000000000 0.0702575220
-0.7119481564 -0.0239825938 0.0228665248 0.1003405228 0.0004177093 -0.0647951881 0.1744035203 -0.2107550833 -0.0266207662 -0.0475525779 -0.0234430478 -0.6581346413 0.7525668534 0.0224036871 -0.7527523954 -0.6571243114 -0.0393887111 -0.0149206309 -0.0427875044 0.9989727745 0.0309040205 -0.1671276203 0.1546884347 -0.0023521301 -0.0000457882 -0.0025252560 0.0175548512 0.0016562400 -0.0306184236 0.1755675375 -0.1885346472 0.2799421549 -0.0251296498 0.0218445547 -0.6449204902 0.7635521406 0.0230715696 0.0000000000 0.0000000000 0.0714207041
-0.7127667665 -0.0234871004 0.0221169572 0.1002432331 0.0003681779 -0.0649306098 0.1741590067 -0.2108623389 -0.0273882405 -0.0498054816 -0.0201435558 -0.6587292090 0.7520220149 0.0232103079 -0.7522456918 -0.6577149491 -0.0392105198 -0.0142214077 -0.0432889688 0.9989613690 0.0447053967 -0.1678651058 0.1548355204 -0.0025197736 -0.0000525248 -0.0026362329 0.0179762803 0.0017446645 -0.0292052105 0.1754391342 -0.1884241998 0.2853348255 -0.0262369495 0.0223369766 -0.6451951189 0.7632696574 0.0238903869 0.0000000000 0.0000000000 0.0725619593
-0.7135630846 -0.0229586884 0.0213537384 0.1001367122 0.0003239512 -0.0650697503 0.1739031710 -0.2109535485 -0.0281158565 -0.0520772605 -0.0169940434 -0.6593233133 0.7514757421 0.0240203562 -0.7517388977 -0.6583087128 -0.0389649627 -0.0134684145 -0.0437475444 0.9989518278 0.0581958198 -0.1684750403 0.1549556745 -0.0026950936 -0.0000598835 -0.0027482463 0.0183926672 0.0018351618 -0.0277651586 0.1753051281 -0.1883112788 0.2906775475 -0.0273659173 0.0228291284 -0.6454729403 0.7629823937 0.0247110104 0.0000000000 0.0000000000 0.0736823575
-0.7143352032 -0.0224004462 0.0205802768 0.1000202969 0.0002843738 -0.0652124028 0.1736359255 -0.2110294498 -0.0288011153 -0.0543657200 -0.0139904350 -0.6599167999 0.7509281759 0.0248332788 -0.7512319599 -0.6589054857 -0.0386536336 -0.0126633190 -0.0441637350 0.9989440449 0.0713624362 -0.1689659068 0.1550511030 -0.0028782426 -0.0000678936 -0.0028612306 0.0188039821 0.0019277059 -0.0262985174 0.1751654297 -0.1881959140 0.2959699035 -0.0285164118 0.0233210009 -0.6457538251 0.7626904792 0.0255328351 0.0000000000 0.0000000000 0.0747829951
-0.7150831223 -0.0218160544 0.0197997745 0.0998936445 0.0002495050 -0.0653583483 0.1733571933 -0.2110907594 -0.0294416231 -0.0566687328 -0.0111283131 -0.6605095253 0.7503794495 0.0256485628 -0.7507248116 -0.6595051462 -0.0382781839 -0.0118078034 -0.0445381176 0.9989379019 0.0841942315 -0.1693460711 0.1551238305 -0.0030693710 -0.0000765841 -0.0029751230 0.0192102026 0.0020222710 -0.0248055439 0.1750199348 -0.1880780756 0.3012115061 -0.0296882968 0.0238125902 -0.6460376517 0.7623940392 0.0263553017 0.0000000000 0.0000000000 0.0758649910
-0.7158060670 -0.0212087706 0.0190144647 0.0997562855 0.0002189279 -0.0655073560 0.1730669077 -0.2111381712 -0.0300350854 -0.0589842288 -0.0084031981 -0.6611013565 0.7498296882 0.0264657338 -0.7502173744 -0.6601075684 -0.0378403139 -0.0109035596 -0.0448713362 0.9989332688 0.0966820060 -0.1696233982 0.1551758675 -0.0032686265 -0.0000859836 -0.0030898643 0.0196113121 0.0021188310 -0.0232864879 0.1748685241 -0.1879577786 0.3064020276 -0.0308814328 0.0243038870 -0.6463243064 0.7620931941 0.0271778959 0.0000000000 0.0000000000 0.0769294752
-0.7165025473 -0.0205812324 0.0182275847 0.0996076390 0.0001925826 -0.0656591843 0.1727650124 -0.2111723565 -0.0305793054 -0.0613101996 -0.0058105056 -0.6616921712 0.7492790099 0.0272843524 -0.7497095588 -0.6607126229 -0.0373417646 -0.0099522844 -0.0451640931 0.9989300059 0.1088180823 -0.1698048643 0.1552091156 -0.0034761541 -0.0000961209 -0.0032053995 0.0200072955 0.0022173601 -0.0217416082 0.1747110784 -0.1878350377 0.3115410507 -0.0320956782 0.0247948896 -0.6466136837 0.7617880595 0.0280001435 0.0000000000 0.0000000000 0.0779775850
-0.7171735168 -0.0199360996 0.0174409486 0.0994477496 0.0001702905 -0.0658135804 0.1724514609 -0.2111939631 -0.0310721825 -0.0636447053 -0.0033454144 -0.6622818571 0.7487275248 0.0281040116 -0.7492012665 -0.6613201772 -0.0367843100 -0.0089556755 -0.0454171422 0.9989279649 0.1205963332 -0.1698975076 0.1552254390 -0.0036920975 -0.0001070241 -0.0033216756 0.0203981418 0.0023178316 -0.0201711636 0.1745475233 -0.1877098382 0.3166282177 -0.0333308950 0.0252855904 -0.6469056856 0.7614787454 0.0288216089 0.0000000000 0.0000000000 0.0790104541
-0.7178184986 -0.0192758776 0.0166568253 0.0992763340 0.0001516938 -0.0659702816 0.1721262162 -0.2112036148 -0.0315117070 -0.0659858618 -0.0010031960 -0.6628703115 0.7481753356 0.0289243367 -0.7486923908 -0.6619300968 -0.0361697508 -0.0079154264 -0.0456312848 0.9989269903 0.1320118885 -0.1699078715 0.1552266524 -0.0039165961 -0.0001187214 -0.0034386443 0.0207838453 0.0024202196 -0.0185754132 0.1743777394 -0.1875821799 0.3216631413 -0.0345869437 0.0257759839 -0.6472002220 0.7611653567 0.0296418934 0.0000000000 0.0000000000 0.0800292111
-0.7184376121 -0.0186032802 0.0158768073 0.0990932211 0.0001369119 -0.0661290154 0.1717892505 -0.2112019116 -0.0318959581 -0.0683318458 0.0012209039 -0.6634574418 0.7476225378 0.0297449826 -0.7481828186 -0.6625422451 -0.0354999075 -0.0068332234 -0.0458073627 0.9989269205 0.1430611267 -0.1698421764 0.1552144545 -0.0041497871 -0.0001312402 -0.0035562592 0.0211643986 0.0025244979 -0.0169546194 0.1742016226 -0.1874520779 0.3266454935 -0.0358636864 0.0262660608 -0.6474972102 0.7608479926 0.0304606336 0.0000000000 0.0000000000 0.0810349712
-0.7190306783 -0.0179191530 0.0151024600 0.0988985896 0.0001255870 -0.0662894998 0.1714405450 -0.2111894299 -0.0322231018 -0.0706808950 0.0033316311 -0.6640431641 0.7470692193 0.0305656311 -0.7476724307 -0.6631564848 -0.0347766154 -0.0057107425 -0.0459462534 0.9989275896 0.1537415816 -0.1697058963 0.1551905601 -0.0043918067 -0.0001446079 -0.0036744769 0.0215398036 0.0026306403 -0.0153090470 0.1740190685 -0.1873195171 0.3315749466 -0.0371609852 0.0267558191 -0.6477965749 0.7605267465 0.0312774975 0.0000000000 0.0000000000 0.0820288316
-0.7195982337 -0.0172264110 0.0143354395 0.0986921936 0.0001176000 -0.0664514441 0.1710800894 -0.2111667224 -0.0324913879 -0.0730313082 0.0053337441 -0.6646274038 0.7465154612 0.0313859899 -0.7471611037 -0.6637726781 -0.0340017193 -0.0045496466 -0.0460488653 0.9989288277 0.1640515273 -0.1695048783 0.1551565870 -0.0046427865 -0.0001588512 -0.0037932575 0.0219100639 0.0027386206 -0.0136389602 0.1738299727 -0.1871845126 0.3364510834 -0.0384786986 0.0272452515 -0.6480982479 0.7602017065 0.0320921842 0.0000000000 0.0000000000 0.0830118763
-0.7201405764 -0.0165261254 0.0135766268 0.0984742120 0.0001128316 -0.0666145489 0.1707078820 -0.2111343179 -0.0326991474 -0.0753814419 0.0072319212 -0.6652100950 0.7459613371 0.0322057927 -0.7466487102 -0.6643906875 -0.0331770696 -0.0033515824 -0.0461161352 0.9989304625 0.1739903264 -0.1692443292 0.1551140920 -0.0049028555 -0.0001739962 -0.0039125634 0.0222751833 0.0028484126 -0.0119446255 0.1736342460 -0.1870470643 0.3412736058 -0.0398166887 0.0277343504 -0.6484021677 0.7598729546 0.0329044231 0.0000000000 0.0000000000 0.0839851599
-0.7206581831 -0.0158203896 0.0128273191 0.0982446074 0.0001111627 -0.0667785067 0.1703239289 -0.2110927224 -0.0328447898 -0.0777297101 0.0090307687 -0.6657911800 0.7454069140 0.0330247964 -0.7461351204 -0.6650103760 -0.0323045177 -0.0021181786 -0.0461490234 0.9989323205 0.1835579860 -0.1689292769 0.1550645870 -0.0051721409 -0.0001900689 -0.0040323595 0.0226351637 0.0029599902 -0.0102263140 0.1734317839 -0.1869071722 0.3460421562 -0.0411748216 0.0282231141 -0.6487082797 0.7595405671 0.0337139711 0.0000000000 0.0000000000 0.0849497154
-0.7211509943 -0.0151101956 0.0120885000 0.0980036855 0.0001125932 -0.0669430024 0.1699282441 -0.2110424189 -0.0329268011 -0.0800745838 0.0107348040 -0.6663706093 0.7448522520 0.0338427797 -0.7456202028 -0.6656316081 -0.0313859129 -0.0008510440 -0.0461485102 0.9989342274 0.1927553262 -0.1685643352 0.1550095387 -0.0054507651 -0.0002070945 -0.0041526132 0.0229900219 0.0030733272 -0.0084842946 0.1732224673 -0.1867648363 0.3507564366 -0.0425529517 0.0287115313 -0.6490165356 0.7592046148 0.0345206114 0.0000000000 0.0000000000 0.0859065445
-0.7216202021 -0.0143970065 0.0113606332 0.0977515206 0.0001167655 -0.0671077136 0.1695208489 -0.2109838679 -0.0329437414 -0.0824145933 0.0123485270 -0.6669483412 0.7442974045 0.0346595426 -0.7451038245 -0.6662542501 -0.0304230985 0.0004482343 -0.0461155929 0.9989360096 0.2015837606 -0.1681541590 0.1549504037 -0.0057388498 -0.0002250974 -0.0042732940 0.0233397651 0.0031883973 -0.0067188405 0.1730062217 -0.1866200566 0.3554160595 -0.0439509489 0.0291996002 -0.6493268929 0.7588651627 0.0353241520 0.0000000000 0.0000000000 0.0868566197
-0.7220655084 -0.0136818318 0.0106446892 0.0974884257 0.0001237392 -0.0672723106 0.1691017719 -0.2109175081 -0.0328942426 -0.0847483208 0.0138762580 -0.6675243416 0.7437424181 0.0354749054 -0.7445858525 -0.6668781709 -0.0294179095 0.0017780929 -0.0460512834 0.9989374944 0.2100451985 -0.1677029634 0.1548885257 -0.0060365126 -0.0002441018 -0.0043943748 0.0236844067 0.0033051751 -0.0049302252 0.1727829278 -0.1864728332 0.3600207865 -0.0453686677 0.0296873115 -0.6496393152 0.7585222702 0.0361244254 0.0000000000 0.0000000000 0.0878008846
-0.7234948277 -0.0132537102 0.0102743171 0.0973450765 0.0001333356 -0.0674364575 0.1686710487 -0.2108437563 -0.0327770062 -0.0870744076 0.0153223083 -0.6680985836 0.7431873333 0.0362887072 -0.7440661543 -0.6675032420 -0.0283721702 0.0031369922 -0.0459566055 0.9989385115 0.2181420663 -0.1672149791 0.1548252370 -0.0063438672 -0.0002641309 -0.0045158290 0.0240239631 0.0034236340 -0.0031187248 0.1725524962 -0.1863231808 0.3645702004 -0.0468059778 0.0301746633 -0.6499537715 0.7581759911 0.0369212863 0.0000000000 0.0000000000 0.0887402490
-0.7249948978 -0.0128263580 0.0099391947 0.0972241536 0.0001453757 -0.0675998131 0.1682287382 -0.2107633742 -0.0325913591 -0.0893848228 0.0165445418 -0.6686710468 0.7426321831 0.0371008324 -0.7435445968 -0.6681293537 -0.0272873470 0.0045236931 -0.0458323824 0.9989389015 0.2260152583 -0.1667047667 0.1547617915 -0.0066610258 -0.0002852073 -0.0046376339 0.0243584681 0.0035437492 -0.0012846158 0.1723148376 -0.1861710995 0.3690640628 -0.0482627377 0.0306616463 -0.6502702254 0.7578263811 0.0377146303 0.0000000000 0.0000000000 0.0896703706
-0.7263264656 -0.0123267565 0.0095552579 0.0971025899 0.0001583099 -0.0677620338 0.1677749324 -0.2106776854 -0.0323367548 -0.0916760344 0.0174968994 -0.6692417164 0.7420769916 0.0379112584 -0.7430210441 -0.6687564238 -0.0261643598 0.0059374281 -0.0456791438 0.9989385180 0.2337082577 -0.1661927818 0.1546992945 -0.0069880974 -0.0003073527 -0.0047597717 0.0246879701 0.0036654943 0.0005718228 0.1720698327 -0.1860165745 0.3735020459 -0.0497388057 0.0311482549 -0.6505886272 0.7574734995 0.0385044359 0.0000000000 0.0000000000 0.0905901817
-0.7274984121 -0.0117662260 0.0091249496 0.0969798788 0.0001713634 -0.0679227728 0.1673097293 -0.2105879911 -0.0320124688 -0.0939476830 0.0182012530 -0.6698105809 0.7415217748 0.0387200619 -0.7424953593 -0.6693843688 -0.0250041637 0.0073774724 -0.0454975197 0.9989372095 0.2411967514 -0.1656980870 0.1546383370 -0.0073251864 -0.0003305879 -0.0048822323 0.0250125267 0.0037888444 0.0024503111 0.1718174070 -0.1858596206 0.3778838515 -0.0512340516 0.0316344835 -0.6509089275 0.7571173952 0.0392907841 0.0000000000 0.0000000000 0.0915011099
-0.7285237312 -0.0111582568 0.0086541101 0.0968551636 0.0001850128 -0.0680816791 0.1668332266 -0.2104954428 -0.0316176863 -0.0961997913 0.0186868676 -0.6703776300 0.7409665432 0.0395273962 -0.7419674076 -0.6700130979 -0.0238078716 0.0088430369 -0.0452883042 0.9989348178 0.2484506317 -0.1652330469 0.1545791498 -0.0076723946 -0.0003549327 -0.0050050095 0.0253321864 0.0039137746 0.0043505672 0.1715574712 -0.1857002228 0.3822091818 -0.0527483374 0.0321203321 -0.6512310813 0.7567581035 0.0400738376 0.0000000000 0.0000000000 0.0924048661
-0.7294163704 -0.0105140656 0.0081482660 0.0967277959 0.0001995564 -0.0682383978 0.1663455221 -0.2104010522 -0.0311515429 -0.0984323255 0.0189807906 -0.6709428539 0.7404113042 0.0403334536 -0.7414370577 -0.6706425132 -0.0225767336 0.0103332599 -0.0450524152 0.9989311806 0.2554446560 -0.1648029856 0.1545220550 -0.0080298223 -0.0003804059 -0.0051281033 0.0256469827 0.0040402599 0.0062723081 0.1712898910 -0.1855384111 0.3864777386 -0.0542815216 0.0326057822 -0.6515550480 0.7563956500 0.0408538039 0.0000000000 0.0000000000 0.0933030399
-0.7301869392 -0.0098413331 0.0076138396 0.0965964645 0.0002153516 -0.0683925694 0.1658467139 -0.2103057029 -0.0306131403 -0.1006451840 0.0191075630 -0.6715062446 0.7398560622 0.0411384346 -0.7409041822 -0.6712725129 -0.0213121121 0.0118472050 -0.0447908546 0.9989261349 0.2621582162 -0.1644077247 0.1544675100 -0.0083975643 -0.0004070253 -0.0052515208 0.0259569567 0.0041682748 0.0082152495 0.1710146219 -0.1853741705 0.3906892538 -0.0558334738 0.0330908410 -0.6518807918 0.7560300528 0.0416309035 0.0000000000 0.0000000000 0.0941970959
-0.7308461666 -0.0091474038 0.0070564765 0.0964605585 0.0002325773 -0.0685438298 0.1653369008 -0.2102101627 -0.0300015541 -0.1028382189 0.0190896698 -0.6720677960 0.7393008196 0.0419425295 -0.7403686580 -0.6719029927 -0.0200154610 0.0133838643 -0.0445046810 0.9989195191 0.2685746666 -0.1640448283 0.1544161129 -0.0087757139 -0.0004348079 -0.0053752693 0.0262621343 0.0042977966 0.0101791052 0.1707315296 -0.1852075011 0.3948434293 -0.0574040525 0.0335754901 -0.6522082821 0.7556613242 0.0424053515 0.0000000000 0.0000000000 0.0950883867
-0.7314041853 -0.0084375637 0.0064809904 0.0963193700 0.0002514720 -0.0686918103 0.1648161825 -0.2101150924 -0.0293158450 -0.1050112414 0.0189476446 -0.6726275049 0.7387455765 0.0427459099 -0.7398303665 -0.6725338474 -0.0186883072 0.0149421670 -0.0441949917 0.9989111744 0.2746809500 -0.1637101431 0.1543685519 -0.0091643585 -0.0004637695 -0.0054993625 0.0265625436 0.0044288002 0.0121635878 0.1704405397 -0.1850384176 0.3989399970 -0.0589931197 0.0340597332 -0.6525374932 0.7552894721 0.0431773487 0.0000000000 0.0000000000 0.0959781566
-0.7318699360 -0.0077162269 0.0058927899 0.0961722210 0.0002720356 -0.0688361374 0.1642846597 -0.2100210559 -0.0285550684 -0.1071640250 0.0187001512 -0.6731853715 0.7381903307 0.0435487225 -0.7392891941 -0.6731649732 -0.0173322344 0.0165209868 -0.0438629066 0.9989009473 0.2804669148 -0.1633986439 0.1543256098 -0.0095635876 -0.0004939251 -0.0056238165 0.0268582087 0.0045612613 0.0141684087 0.1701415628 -0.1848669052 0.4029786885 -0.0606005453 0.0345435627 -0.6528684046 0.7549145006 0.0439470747 0.0000000000 0.0000000000 0.0968675594
-0.7322515249 -0.0069879089 0.0052958233 0.0960186422 0.0002945065 -0.0689764329 0.1637424343 -0.2099285290 -0.0277182832 -0.1092963148 0.0183641791 -0.6737413996 0.7376350775 0.0443510878 -0.7387450323 -0.6737962680 -0.0159488693 0.0181191520 -0.0435095593 0.9988886898 0.2859251136 -0.1631056149 0.1542880939 -0.0099734804 -0.0005252887 -0.0057486491 0.0271491539 0.0046951557 0.0161932781 0.1698345095 -0.1846929789 0.4069592357 -0.0622261874 0.0350269713 -0.6532010006 0.7545364107 0.0447146868 0.0000000000 0.0000000000 0.0977576572
-0.7325569391 -0.0062557091 0.0046937121 0.0958582684 0.0003187656 -0.0691123141 0.1631896098 -0.2098379070 -0.0268045577 -0.1114078342 0.0179552080 -0.6742955970 0.7370798094 0.0451531008 -0.7381977782 -0.6744276332 -0.0145398696 0.0197354546 -0.0431360887 0.9988742612 0.2910504788 -0.1628259793 0.1542568905 -0.0103941178 -0.0005578732 -0.0058738813 0.0274354033 0.0048304605 0.0182379037 0.1695192754 -0.1845166385 0.4108813703 -0.0638699159 0.0355099514 -0.6535352706 0.7541552003 0.0454803202 0.0000000000 0.0000000000 0.0986494262
-0.7327929139 -0.0055217328 0.0040899436 0.0956908390 0.0003449321 -0.0692433934 0.1626262907 -0.2097495123 -0.0258129784 -0.1134982870 0.0174872561 -0.6748479760 0.7365245162 0.0459548298 -0.7376473343 -0.6750589745 -0.0131069127 0.0213686578 -0.0427436312 0.9988575286 0.2958398741 -0.1625548289 0.1542328723 -0.0108255763 -0.0005916909 -0.0059995353 0.0277169738 0.0049671503 0.0203019939 0.1691957861 -0.1843378842 0.4147448540 -0.0655315816 0.0359924994 -0.6538712087 0.7537708648 0.0462440865 0.0000000000 0.0000000000 0.0995437694
-0.7329655886 -0.0047886525 0.0034873940 0.0955161899 0.0003728866 -0.0693692790 0.1620525833 -0.2096636011 -0.0247426547 -0.1155673652 0.0169730663 -0.6753985533 0.7359691846 0.0467563202 -0.7370936092 -0.6756902023 -0.0116516873 0.0230175046 -0.0423333175 0.9988383677 0.3002917634 -0.1622882018 0.1542169432 -0.0112679275 -0.0006267526 -0.0061256345 0.0279938895 0.0051052030 0.0223852545 0.1688639373 -0.1841567159 0.4185494483 -0.0672110692 0.0364746079 -0.6542088136 0.7533833973 0.0470060768 0.0000000000 0.0000000000 0.1004415242
