# Actions and States
# action[0], ..., state[0], ..., command[0], ...
-0.9980674982 -0.2203343958 0.1792469025 0.0487550460 0.1486085653 -0.3461581065 -0.0460056075 0.4207000570 0.0000000000 0.0000000000 0.0000000000 0.5512595257 0.8343338273 0.0000000000 -0.8343338273 0.5512595257 0.0000000000 0.0000000000 0.0000000000 1.0000000000 0.0000000000 0.0000000000 0.0000000000 -0.0000100676 -0.0000013380 0.0000122357 -0.0005345757 -0.0000013364 -0.3381507993 -0.0449414067 0.4109684527 0.7913969159 0.1051793769 -0.9618168473 0.5503671917 0.8349227235 0.0000000000 0.0000000000 0.0000000000 0.1069127244
-0.9978869557 -0.2054163814 0.1511444896 0.0583577454 0.1410699189 -0.3461581049 -0.0460056065 0.4206360831 0.0000010821 0.0000006631 -0.0255895849 0.5512108578 0.8343659130 -0.0003368506 -0.8343659207 0.5512109265 0.0001574630 0.0003170575 0.0001942613 0.9999999309 0.0629805029 0.1347122512 0.0233085729 -0.0000401533 -0.0000053365 0.0000486401 -0.0010108997 -0.0000052000 -0.3342168927 -0.0444185771 0.4061873853 0.7821900845 0.1039557606 -0.9506274462 0.5499206870 0.8352167451 -0.0003366068 0.0000000000 0.0000000000 0.1069339868
-0.9976043105 -0.1889277697 0.1188510880 0.0696169659 0.1318973601 -0.3461580721 -0.0460055864 0.4204104937 0.0000123150 0.0000075441 -0.0582487733 0.5510419971 0.8344762151 -0.0014710202 -0.8344763623 0.5510433077 0.0006882857 0.0013849539 0.0008482572 0.9999986812 0.1335291303 0.2853234443 0.0513522774 -0.0000900233 -0.0000119644 0.0001083654 -0.0013447322 -0.0000110882 -0.3303287327 -0.0439018272 0.4014619589 0.7730903625 0.1027463749 -0.9395681620 0.5494722032 0.8355094121 -0.0014697225 0.0000000000 0.0000000000 0.1071096220
-0.9972589016 -0.1747264713 0.0917593762 0.0794942379 0.1232918203 -0.3461579269 -0.0460054975 0.4200187347 0.0000433574 0.0000265552 -0.0918893641 0.5507568087 0.8346592983 -0.0032853438 -0.8346600300 0.5507633487 0.0015388622 0.0030938726 0.0018946063 0.9999934192 0.1926797174 0.4113275412 0.0778344086 -0.0001594459 -0.0000211907 0.0001903112 -0.0015444726 -0.0000183092 -0.3264858127 -0.0433910899 0.3967914879 0.7640964985 0.1015510634 -0.9286375642 0.5490173721 0.8357980500 -0.0032821196 0.0000000000 0.0000000000 0.1075472249
-0.9968351722 -0.1625432372 0.0694971308 0.0881060287 0.1152601838 -0.3461575506 -0.0460052670 0.4194558629 0.0001002939 0.0000614211 -0.1264905970 0.5503588613 0.8349090205 -0.0056613888 -0.8349111851 0.5503782916 0.0026550280 0.0053326124 0.0032655387 0.9999804496 0.2415959109 0.5153037418 0.1028170084 -0.0002481921 -0.0000329844 0.0002933566 -0.0016193291 -0.0000262150 -0.3226875961 -0.0428862944 0.3921753764 0.7552073002 0.1003696546 -0.9178341627 0.5485504981 0.8360791702 -0.0056555666 0.0000000000 0.0000000000 0.1082832749
-0.9963141084 -0.1520226449 0.0513231792 0.0956631154 0.1077634543 -0.3461568028 -0.0460048090 0.4187172894 0.0001865154 0.0001142235 -0.1619806864 0.5498510131 0.8352195009 -0.0084999237 -0.8352243632 0.5498948358 0.0039915731 0.0080079038 0.0049045729 0.9999559083 0.2819889891 0.6009814538 0.1264295611 -0.0003560342 -0.0000473148 0.0004163603 -0.0015779011 -0.0000342025 -0.3189335763 -0.0423873700 0.3876129389 0.7464215159 0.0992019922 -0.9071564078 0.5480656324 0.8363491235 -0.0084911665 0.0000000000 0.0000000000 0.1093132200
-0.9956716299 -0.1428584158 0.0365665033 0.1023491025 0.1007551178 -0.3461555318 -0.0460040306 0.4177987812 0.0003035017 0.0001858821 -0.1982895969 0.5492357688 0.8355852674 -0.0117188379 -0.8355944791 0.5493191173 0.0055112454 0.0110424971 0.0067652231 0.9999161440 0.3153335629 0.6715659465 0.1487872354 -0.0004827470 -0.0000641508 0.0005581619 -0.0014281019 -0.0000417100 -0.3152232170 -0.0418942496 0.3831035793 0.7377378941 0.0980479121 -0.8966028690 0.5475571620 0.8366044552 -0.0117071959 0.0000000000 0.0000000000 0.1106109116
-0.9948767424 -0.1347936839 0.0246515684 0.1083171144 0.0941863880 -0.3461535828 -0.0460028369 0.4166964465 0.0004514345 0.0002765294 -0.2353503271 0.5485154801 0.8360013119 -0.0152503993 -0.8360168635 0.5486567250 0.0071834556 0.0143726124 0.0088093544 0.9998579015 0.3428635776 0.7297339895 0.1699939746 -0.0006281068 -0.0000834611 0.0007175843 -0.0011771481 -0.0000482136 -0.3115560114 -0.0414068699 0.3786467016 0.7291553020 0.0969072580 -0.8861721158 0.5470200939 0.8368420762 -0.0152363113 0.0000000000 0.0000000000 0.1121406692
-0.9941648841 -0.1213136166 0.0071421093 0.1126842797 0.0880088806 -0.3461508030 -0.0460011338 0.4154067198 0.0006296670 0.0003857979 -0.2730986824 0.5476924366 0.8364631000 -0.0190388360 -0.8364872667 0.5479127265 0.0089831402 0.0179456859 0.0110057459 0.9997783884 0.3656044429 0.7777059108 0.1901461908 -0.0007918920 -0.0001052145 0.0008934346 -0.0008315790 -0.0000532242 -0.3079314828 -0.0409251563 0.3742416799 0.7206726074 0.0957798734 -0.8758627176 0.5464501571 0.8370593220 -0.0190231009 0.0000000000 0.0000000000 0.1138644504
-0.9935383797 -0.1040475518 -0.0132662021 0.1153956279 0.0821863338 -0.3461470448 -0.0459988308 0.4139263001 0.0008366666 0.0005127821 -0.3114925283 0.5467692559 0.8369666852 -0.0230249580 -0.8370019311 0.5470916882 0.0108835661 0.0217059454 0.0133211349 0.9996756470 0.3819138962 0.8119860419 0.2092979853 -0.0009738823 -0.0001293797 0.0010845060 -0.0003972313 -0.0000562836 -0.3043491244 -0.0404490493 0.3698878884 0.7122885585 0.0946656018 -0.8656732440 0.5458443760 0.8372543056 -0.0230087087 0.0000000000 0.0000000000 0.1156833229
-0.9927588701 -0.0886953101 -0.0288208760 0.1170541942 0.0766666830 -0.3461421713 -0.0459958432 0.4122520617 0.0010700892 0.0006560813 -0.3504985548 0.5457496782 0.8375089758 -0.0271293974 -0.8375577702 0.5461976738 0.0128484522 0.0255787078 0.0157103989 0.9995493550 0.3902966006 0.8293907213 0.2274738069 -0.0011738597 -0.0001559250 0.0012895785 0.0001208575 -0.0000569608 -0.3008084297 -0.0399784781 0.3655847311 0.7040020823 0.0935643017 -0.8556023240 0.5452023000 0.8374266777 -0.0271140963 0.0000000000 0.0000000000 0.1174572663
-0.9917930365 -0.0749917030 -0.0400929004 0.1177751943 0.0713777319 -0.3461360583 -0.0459920943 0.4103810725 0.0013272744 0.0008140995 -0.3900716876 0.5446385120 0.8380876807 -0.0312718817 -0.8381523247 0.5452342867 0.0148409310 0.0294885035 0.0181276578 0.9994007285 0.3918518579 0.8322839453 0.2447110647 -0.0013916078 -0.0001848188 0.0015074206 0.0007183869 -0.0000548485 -0.2973089516 -0.0395133831 0.3613316715 0.6958119869 0.0924758092 -0.8456485868 0.5445258498 0.8375775418 -0.0312593043 0.0000000000 0.0000000000 0.1190942414
-0.9906029701 -0.0625317618 -0.0479794741 0.1177398339 0.0662652254 -0.3461285956 -0.0459875157 0.4083106315 0.0016052972 0.0009850747 -0.4301678057 0.5434410424 0.8387010275 -0.0353895456 -0.8387835588 0.5442047609 0.0168321049 0.0333762628 0.0205369124 0.9992318351 0.3881147025 0.8239545665 0.2610520502 -0.0016269117 -0.0002160297 0.0017367888 0.0013916009 -0.0000495596 -0.2938501537 -0.0390537009 0.3571280539 0.6877171397 0.0913999751 -0.8358106017 0.5438182546 0.8377088060 -0.0353817523 0.0000000000 0.0000000000 0.1205397287
-0.9891400933 -0.0509883612 -0.0532089397 0.1170949265 0.0612892583 -0.3461196880 -0.0459820480 0.4060382475 0.0019011671 0.0011672004 -0.4707459633 0.5421628008 0.8393476268 -0.0394342349 -0.8394497586 0.5431120236 0.0187998030 0.0371967772 0.0229105051 0.9990452985 0.3803247172 0.8070535369 0.2765413898 -0.0018795591 -0.0002495259 0.0019764306 0.0021371772 -0.0000407246 -0.2904316187 -0.0385993645 0.3529733717 0.6797164679 0.0903366655 -0.8260871172 0.5430835951 0.8378229080 -0.0394335528 0.0000000000 0.0000000000 0.1217598217
-0.9871672988 -0.0344575234 -0.0549509004 0.1155513600 0.0564171299 -0.3461092549 -0.0459756407 0.4035616316 0.0022120761 0.0013587774 -0.5117658243 0.5408093743 0.8400263817 -0.0433693286 -0.8401494661 0.5419587266 0.0207271139 0.0409157086 0.0252273007 0.9988440760 0.3694505418 0.7836483405 0.2912295826 -0.0021493395 -0.0002852758 0.0022250838 0.0029521605 -0.0000279900 -0.2870528400 -0.0381503105 0.3488669991 0.6718088984 0.0892857164 -0.8164767027 0.5423264576 0.8379226069 -0.0433783390 0.0000000000 0.0000000000 0.1227364680
-0.9845166802 -0.0131052677 -0.0536146984 0.1131982952 0.0516121909 -0.3460972271 -0.0459682502 0.4008787317 0.0025361537 0.0015586793 -0.5531728011 0.5393862354 0.8407364813 -0.0471662811 -0.8408814866 0.5407471958 0.0226007911 0.0445063438 0.0274706969 0.9986313365 0.3560773076 0.7549835468 0.3051970073 -0.0024360439 -0.0003232480 0.0024814787 0.0038340082 -0.0000110160 -0.2837133706 -0.0377064869 0.3448083997 0.6639933586 0.0882470012 -0.8069781065 0.5415517452 0.8380108709 -0.0471878150 0.0000000000 0.0000000000 0.1234554906
-0.9811832905 0.0077521442 -0.0507577248 0.1104663163 0.0468306467 -0.3460835415 -0.0459598364 0.3979878090 0.0028726479 0.0017664659 -0.5948998710 0.5378985854 0.8414774650 -0.0508014545 -0.8416449565 0.5394793129 0.0244097950 0.0479466262 0.0296267938 0.9984104237 0.3406153569 0.7219286329 0.3185490659 -0.0027394656 -0.0003634110 0.0027443389 0.0047807228 0.0000105258 -0.2804127634 -0.0372678228 0.3407970369 0.6562686563 0.0872203708 -0.7975900173 0.5407646191 0.8380908452 -0.0508385955 0.0000000000 0.0000000000 0.1239082317
-0.9769828916 0.0281786956 -0.0466662757 0.1074156687 0.0420305915 -0.3460681365 -0.0459503602 0.3948874616 0.0032214304 0.0019820799 -0.6368814202 0.5363511961 0.8422491869 -0.0542558898 -0.8424393242 0.5381564952 0.0261452043 0.0512189366 0.0316842835 0.9981847157 0.3235495276 0.6855120937 0.3313920755 -0.0030594002 -0.0004057335 0.0030123829 0.0057908581 0.0000369548 -0.2771505415 -0.0368342623 0.3368323147 0.6486338973 0.0862056762 -0.7883111835 0.5399702816 0.8381657205 -0.0543119756 0.0000000000 0.0000000000 0.1241011558
-0.9716823697 0.0482306294 -0.0415999293 0.1041011587 0.0371694900 -0.3460509483 -0.0459397808 0.3915766352 0.0035835088 0.0022061653 -0.6790431833 0.5347482499 0.8430517529 -0.0575156606 -0.8432643050 0.5367797031 0.0278004004 0.0543104155 0.0336346881 0.9979574573 0.3053117994 0.6466492346 0.3438505371 -0.0033956445 -0.0004501844 0.0032843258 0.0068634874 0.0000685847 -0.2739262581 -0.0364057459 0.3329137564 0.6410879493 0.0852027908 -0.7791402340 0.5391737187 0.8382385737 -0.0575942805 0.0000000000 0.0000000000 0.1240490622
-0.9649876952 0.0679400638 -0.0357660167 0.1005680114 0.0321975499 -0.3460319033 -0.0459280515 0.3880546912 0.0039614803 0.0024403517 -0.7212954710 0.5330931774 0.8438855577 -0.0605708651 -0.8441199259 0.5353493413 0.0293706225 0.0572120169 0.0354717957 0.9977316958 0.2862449229 0.6060647111 0.3560780264 -0.0037479983 -0.0004967327 0.0035588816 0.0079983100 0.0001057260 -0.2707395256 -0.0359822139 0.3290407360 0.6336297393 0.0842115730 -0.7700759768 0.5383796029 0.8383123076 -0.0606758571 0.0000000000 0.0000000000 0.1237706004
-0.9565663338 0.0822310001 -0.0285617486 0.0969387144 0.0274737459 -0.3460108063 -0.0459150501 0.3843232549 0.0044011926 0.0027130529 -0.7628257010 0.5313929377 0.8447509591 -0.0633826702 -0.8450041088 0.5338682025 0.0308674324 0.0599132853 0.0371558812 0.9975118239 0.2726541055 0.5514319863 0.3670615332 -0.0041162623 -0.0005453468 0.0038347691 0.0091918437 0.0001486796 -0.2675898373 -0.0355636105 0.3252128065 0.6262583137 0.0832318887 -0.7611172199 0.5375944371 0.8383930540 -0.0635183263 0.0000000000 0.0000000000 0.1236692183
-0.9460409880 0.0895834193 -0.0203605313 0.0934087038 0.0231582839 -0.3459872556 -0.0459005273 0.3803873921 0.0049283033 0.0030396942 -0.8032502046 0.5296603039 0.8456484532 -0.0658684753 -0.8459112462 0.5323429810 0.0323282232 0.0624029324 0.0385959075 0.9973044821 0.2672619385 0.4807216847 0.3767307363 -0.0045002373 -0.0005959951 0.0041107270 0.0104353447 0.0001977158 -0.2644767761 -0.0351498760 0.3214294016 0.6189726591 0.0822636038 -0.7522626519 0.5368277754 0.8384925544 -0.0660400205 0.0000000000 0.0000000000 0.1239680758
-0.9343718290 0.0888594538 -0.0102890376 0.0908454135 0.0191656128 -0.3459607658 -0.0458841875 0.3762532251 0.0055586926 0.0034285716 -0.8423778043 0.5279063832 0.8465794532 -0.0679564566 -0.8468360237 0.5307792284 0.0337958541 0.0646807513 0.0397069283 0.9971157206 0.2708701632 0.3969172973 0.3855370113 -0.0048997253 -0.0006486446 0.0043855244 0.0117211491 0.0002530637 -0.2613999546 -0.0347409546 0.3176900148 0.6117717624 0.0813065767 -0.7435111403 0.5360882700 0.8386227104 -0.0681703463 0.0000000000 0.0000000000 0.1247757790
-0.9203500748 0.0844147578 -0.0016233907 0.0887449086 0.0155431032 -0.3459307475 -0.0458656835 0.3719281686 0.0063184143 0.0038926028 -0.8798725845 0.5261393262 0.8475447421 -0.0696083303 -0.8477736784 0.5291814361 0.0353100249 0.0667622622 0.0404341175 0.9969492878 0.2816263236 0.3101091605 0.3934534045 -0.0053145271 -0.0007032611 0.0046579670 0.0130427722 0.0003149171 -0.2583589256 -0.0343367904 0.3139941096 0.6046546102 0.0803606883 -0.7348613739 0.5353814033 0.8387923237 -0.0698722612 0.0000000000 0.0000000000 0.1260034105
-0.9041237831 0.0795925260 0.0048780651 0.0871901065 0.0124359280 -0.3458964025 -0.0458445618 0.3674224252 0.0072624780 0.0044599603 -0.9149941456 0.5243648401 0.8485417191 -0.0708411285 -0.8487195166 0.5275547889 0.0368934533 0.0686782109 0.0407786186 0.9968051001 0.2952820336 0.2307278815 0.4000090670 -0.0057444428 -0.0007598086 0.0049269069 0.0143932067 0.0003834361 -0.2553532720 -0.0339373313 0.3103412390 0.5976203084 0.0794257969 -0.7263122797 0.5347074804 0.8390035176 -0.0711635179 0.0000000000 0.0000000000 0.1273683253
-0.8857875466 0.0750002563 0.0093461834 0.0861277655 0.0097423093 -0.3458566759 -0.0458202487 0.3627494909 0.0084317485 0.0051471812 -0.9472568535 0.5225873834 0.8495654812 -0.0717002086 -0.8496691613 0.5259049054 0.0385531689 0.0704609329 0.0407740564 0.9966808583 0.3102725248 0.1600435943 0.4052568254 -0.0061892685 -0.0008182487 0.0051912586 0.0157652870 0.0004587451 -0.2523825765 -0.0335425176 0.3067308366 0.5906677842 0.0785017908 -0.7178626060 0.5340639703 0.8392539260 -0.0720897085 0.0000000000 0.0000000000 0.1287626043
-0.8654850721 0.0704096928 0.0121285925 0.0854784474 0.0073784441 -0.3458103343 -0.0457921127 0.3579248230 0.0098620264 0.0059645236 -0.9762753502 0.5208106155 0.8506114363 -0.0722252532 -0.8506189621 0.5242364710 0.0402927272 0.0721365664 0.0404512899 0.9965741362 0.3259469324 0.0967385101 0.4093669146 -0.0066487980 -0.0008785406 0.0054500117 0.0171530284 0.0005409356 -0.2494464666 -0.0331522934 0.3031624258 0.5837962031 0.0775885284 -0.7095112801 0.5334484250 0.8395406603 -0.0726906687 0.0000000000 0.0000000000 0.1301376651
-0.8435152173 0.0656266212 0.0135187320 0.0851756260 0.0052915914 -0.3457559662 -0.0457594821 0.3529657361 0.0115887255 0.0069185224 -1.0016885430 0.5190377067 0.8516753474 -0.0724497181 -0.8515658745 0.5225534147 0.0421128272 0.0737253043 0.0398375623 0.9964825880 0.3417403439 0.0397436896 0.4124746713 -0.0071228198 -0.0009406401 0.0057022385 0.0185514279 0.0006300717 -0.2465444952 -0.0327666141 0.2996355593 0.5770045519 0.0766858906 -0.7012570500 0.5328587236 0.8398606492 -0.0729999434 0.0000000000 0.0000000000 0.1314481230
-0.8203426003 0.0605419911 0.0137419691 0.0851665586 0.0034362539 -0.3456919893 -0.0457216668 0.3478912161 0.0136448561 0.0080107075 -1.0231838562 0.5172713954 0.8527532638 -0.0724028634 -0.8525073807 0.5208590437 0.0440116170 0.0752427362 0.0389580249 0.9964039356 0.3571462511 -0.0116319783 0.4146923165 -0.0076111183 -0.0010045002 0.0059471070 0.0199562982 0.0007261946 -0.2436762899 -0.0323854201 0.2961497009 0.5702918768 0.0757937580 -0.6930989027 0.5322929901 0.8402106379 -0.0730468091 0.0000000000 0.0000000000 0.1326519460
-0.7965714335 0.0551195182 0.0129744727 0.0854075477 0.0017733555 -0.3456166702 -0.0456779876 0.3427215895 0.0160584479 0.0092363883 -1.0405268631 0.5155140068 0.8538414743 -0.0721113414 -0.8534414325 0.5191561467 0.0459849621 0.0767009139 0.0378369144 0.9963359562 0.3717108503 -0.0578124873 0.4161142167 -0.0081134690 -0.0010700707 0.0061838850 0.0213641543 0.0008293263 -0.2408414483 -0.0320086591 0.2927044034 0.5636572838 0.0749119967 -0.6850356460 0.5317495036 0.8405871863 -0.0728578527 0.0000000000 0.0000000000 0.1337118007
-0.7728883624 0.0493803024 0.0113633005 0.0858615264 0.0002697110 -0.3455281566 -0.0456278088 0.3374780516 0.0188500531 0.0105839521 -1.0535875133 0.5137674787 0.8549364809 -0.0716002197 -0.8543664003 0.5174470893 0.0480266988 0.0781091021 0.0364982660 0.9962764901 0.3850311599 -0.0990582964 0.4168198507 -0.0086296443 -0.0011372981 0.0064119454 0.0227721091 0.0009394725 -0.2380395830 -0.0316362828 0.2892991900 0.5570999384 0.0740405023 -0.6770662069 0.5312266343 0.8409866972 -0.0724579897 0.0000000000 0.0000000000 0.1345961879
-0.7499859333 0.0433911458 0.0090396330 0.0864934623 -0.0011020298 -0.3454245212 -0.0455705740 0.3321820901 0.0220308266 0.0120349296 -1.0623571325 0.5120333970 0.8560349895 -0.0708935622 -0.8552810279 0.5157339022 0.0501288880 0.0794742956 0.0349662540 0.9962234676 0.3967564611 -0.1355443100 0.4168763759 -0.0091594048 -0.0012061265 0.0066307718 0.0241777673 0.0010566260 -0.2352703214 -0.0312682353 0.2859335840 0.5506188273 0.0731791407 -0.6691894531 0.5307228053 0.8414054751 -0.0718710419 0.0000000000 0.0000000000 0.1352803659
-0.7284862399 0.0372522585 0.0061257905 0.0872706249 -0.0023640350 -0.3453038114 -0.0455058370 0.3268548606 0.0256015737 0.0135649058 -1.0669522650 0.5103130373 0.8571339150 -0.0700146821 -0.8561843895 0.5140183605 0.0522820838 0.0808015793 0.0332652489 0.9961749485 0.4065919533 -0.1674177587 0.4163409821 -0.0097025065 -0.0012764977 0.0068399562 0.0255791433 0.0011807688 -0.2325332761 -0.0309044737 0.2826071382 0.5442131162 0.0723278001 -0.6614043713 0.5302364756 0.8418398039 -0.0711199929 0.0000000000 0.0000000000 0.1357470180
-0.7088778615 0.0310822558 0.0027408532 0.0881603137 -0.0035338255 -0.3451641014 -0.0454332876 0.3215165853 0.0295529232 0.0151451452 -1.0676046827 0.5086074128 0.8582303945 -0.0689861554 -0.8570758496 0.5123020542 0.0544756212 0.0820943830 0.0314196630 0.9961291669 0.4143025638 -0.1948397980 0.4152629036 -0.0102586951 -0.0013483516 0.0070391963 0.0269745719 0.0013118734 -0.2298280597 -0.0305449422 0.2793194056 0.5378819704 0.0714863613 -0.6537098289 0.5297661402 0.8422860374 -0.0702270049 0.0000000000 0.0000000000 0.1359865432
-0.6914831400 0.0250061173 -0.0009972748 0.0891311318 -0.0046238569 -0.3450035397 -0.0453527668 0.3161860379 0.0338665681 0.0167446494 -1.0646394908 0.5069173244 0.8593218032 -0.0678296749 -0.8579550250 0.5105864480 0.0566979206 0.0833546722 0.0294536522 0.9960845752 0.4197157733 -0.2180101002 0.4136851019 -0.0108277118 -0.0014216276 0.0072282897 0.0283626374 0.0014499049 -0.2271543294 -0.0301895924 0.2760699093 0.5316244364 0.0706547201 -0.6461048126 0.5293103416 0.8427406902 -0.0692132806 0.0000000000 0.0000000000 0.1359969299
-0.6764538288 0.0191421974 -0.0049745776 0.0901527032 -0.0056431289 -0.3448203879 -0.0452642718 0.3108801611 0.0385172447 0.0183322776 -1.0584462062 0.5052434102 0.8604057692 -0.0665658234 -0.8588217477 0.5088729305 0.0589368001 0.0845831084 0.0273907469 0.9960398811 0.4227227809 -0.2371778239 0.4116459581 -0.0114092883 -0.0014962645 0.0074071251 0.0297421180 0.0015948216 -0.2245116979 -0.0298383776 0.2728582025 0.5254396796 0.0698327497 -0.6385882497 0.5288676878 0.8432005186 -0.0680988445 0.0000000000 0.0000000000 0.1357832389
-0.6637918353 0.0135935741 -0.0090811886 0.0911962390 -0.0065971846 -0.3446130489 -0.0451679512 0.3056138370 0.0434750535 0.0198786088 -1.0494480165 0.5035861908 0.8614801829 -0.0652138242 -0.8596760302 0.5071628505 0.0611797855 0.0857792017 0.0252534663 0.9959940718 0.4232765299 -0.2526413584 0.4091804537 -0.0120031508 -0.0015722023 0.0075756740 0.0311119091 0.0017465759 -0.2218998075 -0.0294912495 0.2696838677 0.5193269253 0.0690203384 -0.6311591268 0.5284368710 0.8436625865 -0.0669023035 0.0000000000 0.0000000000 0.1353566844
-0.6533831358 0.0084406072 -0.0132152643 0.0922356173 -0.0074892431 -0.3443800831 -0.0450640918 0.3003998033 0.0487077242 0.0213573341 -1.0380738829 0.5019461087 0.8625431998 -0.0637913191 -0.8605180333 0.5054575432 0.0634144025 0.0869414651 0.0230629679 0.9959464248 0.4213876036 -0.2647392979 0.4063212207 -0.0126090199 -0.0016493816 0.0077339783 0.0324710198 0.0019051156 -0.2193183154 -0.0291481595 0.2665464580 0.5132852793 0.0682173818 -0.6238164902 0.5280166841 0.8441243099 -0.0656406352 0.0000000000 0.0000000000 0.1347334883
-0.6450374126 0.0037388999 -0.0172847584 0.0932478979 -0.0083202589 -0.3441202143 -0.0449531002 0.2952486940 0.0541825550 0.0227461071 -1.0247363064 0.5003235584 0.8635932354 -0.0623142090 -0.8613480355 0.5037583444 0.0656284407 0.0880675802 0.0208387665 0.9958965042 0.4171175627 -0.2738356386 0.4030992634 -0.0132266097 -0.0017277454 0.0078821415 0.0338185020 0.0020703829 -0.2167668492 -0.0288090594 0.2634455562 0.5073139071 0.0674237683 -0.6165592074 0.5276060315 0.8445834787 -0.0643290383 0.0000000000 0.0000000000 0.1339335757
-0.6385229826 -0.0004783049 -0.0212105587 0.0942137837 -0.0090902923 -0.3438323272 -0.0448354822 0.2901691700 0.0598678647 0.0240268879 -1.0098160628 0.4987189083 0.8646289535 -0.0607965736 -0.8621664065 0.5020665962 0.0678101798 0.0891545735 0.0185985445 0.9958441425 0.4105709609 -0.2803029644 0.3995446216 -0.0138556324 -0.0018072394 0.0080203153 0.0351534672 0.0022423160 -0.2142450511 -0.0284739062 0.2603807449 0.5014119744 0.0666393787 -0.6093863845 0.5272039337 0.8450382585 -0.0629808631 0.0000000000 0.0000000000 0.1329792804
-0.6335936785 -0.0042003444 -0.0249271002 0.0951173678 -0.0097983917 -0.3435154594 -0.0447118206 0.2851681072 0.0657339519 0.0251858905 -0.9936534354 0.4971325129 0.8656492493 -0.0592506694 -0.8629735835 0.5003836441 0.0699485731 0.0901989957 0.0163580525 0.9957894131 0.4018867231 -0.2845083801 0.3956866619 -0.0144957956 -0.0018878120 0.0081486944 0.0364750475 0.0024208482 -0.2117526084 -0.0281426515 0.2573515475 0.4955787659 0.0658641234 -0.6022970080 0.5268095245 0.8454871745 -0.0616076179 0.0000000000 0.0000000000 0.1318941574
-0.6300107837 -0.0074339109 -0.0283827521 0.0959464386 -0.0104436055 -0.3431687897 -0.0445827555 0.2802508111 0.0717536370 0.0262132648 -0.9765446074 0.4955647185 0.8666532297 -0.0576869930 -0.8637700501 0.4987108297 0.0720333880 0.0911970965 0.0141310912 0.9957325956 0.3912292462 -0.2868000789 0.3915543591 -0.0151468031 -0.0019694145 0.0082675079 0.0377823971 0.0026059090 -0.2092891484 -0.0278152507 0.2543576360 0.4898133576 0.0650978833 -0.5952901244 0.5264220450 0.8459290840 -0.0602190420 0.0000000000 0.0000000000 0.1307019454
-0.6275537014 -0.0101976134 -0.0315393768 0.0966926292 -0.0110251606 -0.3427916245 -0.0444489655 0.2754212373 0.0779024428 0.0271026219 -0.9587422092 0.4940158620 0.8676401916 -0.0561144014 -0.8645563190 0.4970494778 0.0740553025 0.0921449908 0.0119295663 0.9956741365 0.3787801789 -0.2874978053 0.3871763279 -0.0158083588 -0.0020520026 0.0083770044 0.0390747003 0.0027974234 -0.2068543583 -0.0274916571 0.2513985336 0.4841150641 0.0643405616 -0.5883647203 0.5260408317 0.8463631407 -0.0588232340 0.0000000000 0.0000000000 0.1294257453
-0.6260273457 -0.0125204185 -0.0343712717 0.0973498598 -0.0115425829 -0.3423833848 -0.0443111521 0.2706822020 0.0841585551 0.0278505045 -0.9404582075 0.4924862663 0.8686095998 -0.0545402663 -0.8653329173 0.4954008835 0.0760059655 0.0930388074 0.0097635936 0.9956146105 0.3647313509 -0.2868880459 0.3825807660 -0.0164801646 -0.0021355352 0.0084774559 0.0403511636 0.0029953127 -0.2044478953 -0.0271718297 0.2484738380 0.4784830511 0.0635920465 -0.5815199018 0.5256653034 0.8467887547 -0.0574268131 0.0000000000 0.0000000000 0.1280874255
-0.6252634525 -0.0144363074 -0.0368643776 0.0979155302 -0.0119959321 -0.3419435930 -0.0441700267 0.2660355719 0.0905026313 0.0284558613 -0.9218682543 0.4909762332 0.8695610670 -0.0529706451 -0.8661003736 0.4937662972 0.0778780235 0.0938748165 0.0076416369 0.9955546817 0.3492785032 -0.2852207936 0.3777953792 -0.0171619188 -0.0022199748 0.0085691484 0.0416110344 0.0031994940 -0.2020694166 -0.0268557221 0.2455831915 0.4729165435 0.0628522411 -0.5747547150 0.5252949477 0.8472055538 -0.0560350979 0.0000000000 0.0000000000 0.1267071989
-0.6251195073 -0.0159821454 -0.0390139148 0.0983888805 -0.0123861656 -0.3414718616 -0.0440263001 0.2614824322 0.0969175412 0.0289195643 -0.9031164965 0.4894860354 0.8704943341 -0.0514104597 -0.8668592081 0.4921469109 0.0796651207 0.0946495351 0.0055706663 0.9954950694 0.3326161719 -0.2827099824 0.3728472473 -0.0178533234 -0.0023052879 0.0086523741 0.0428535976 0.0034098811 -0.1997186244 -0.0265432931 0.2427261621 0.4674147964 0.0621210374 -0.5680682659 0.5249293067 0.8476133452 -0.0546522907 0.0000000000 0.0000000000 0.1253033698
-0.6254779100 -0.0171954110 -0.0408231132 0.0987709090 -0.0127144158 -0.3409678828 -0.0438806740 0.2570232296 0.1033880924 0.0292439881 -0.8843202785 0.4880159085 0.8714092539 -0.0498636669 -0.8676099240 0.4905438459 0.0813618764 0.0953598069 0.0035563222 0.9954365172 0.3149338126 -0.2795353716 0.3677625711 -0.0185540766 -0.0023914445 0.0087274350 0.0440781787 0.0036263843 -0.1973951608 -0.0262344982 0.2399023771 0.4619770646 0.0613983460 -0.5614595413 0.5245679655 0.8480120818 -0.0532816540 0.0000000000 0.0000000000 0.1238922206
-0.6262416244 -0.0181121789 -0.0423010737 0.0990641266 -0.0129827121 -0.3404314196 -0.0437338346 0.2526578925 0.1099007439 0.0294326540 -0.8655746874 0.4865660444 0.8723057751 -0.0483334171 -0.8683530015 0.4889581423 0.0829638472 0.0960028609 0.0016030769 0.9953797671 0.2964128560 -0.2758456676 0.3625666204 -0.0192638785 -0.0024784189 0.0087946318 0.0452841632 0.0038489106 -0.1950987428 -0.0259292964 0.2371114492 0.4566026032 0.0606840588 -0.5549277067 0.5242105409 0.8484018323 -0.0519256737 0.0000000000 0.0000000000 0.1224879962
-0.6289101839 -0.0191240869 -0.0430509634 0.0994334742 -0.0131935570 -0.3398622985 -0.0435864479 0.2483859305 0.1164433606 0.0294899375 -0.8469564386 0.4851365858 0.8731839298 -0.0468221944 -0.8690888919 0.4873907500 0.0844674779 0.0965763488 -0.0002856148 0.9953255383 0.2772248143 -0.2717624818 0.3572835138 -0.0199824329 -0.0025661886 0.0088542691 0.0464709885 0.0040773642 -0.1928290427 -0.0256276429 0.2343529761 0.4512906671 0.0599780828 -0.5484719276 0.5238566731 0.8487827554 -0.0505862031 0.0000000000 0.0000000000 0.1211029700
-0.6330710649 -0.0200418066 -0.0432073846 0.0998808742 -0.0133495741 -0.3392604585 -0.0434391554 0.2442059449 0.1229827717 0.0294211217 -0.8287557652 0.4837275101 0.8740438241 -0.0453330954 -0.8698180008 0.4858425232 0.0858701821 0.0970790478 -0.0021062270 0.9952744457 0.2575849596 -0.2669189779 0.3519361747 -0.0207094401 -0.0026547341 0.0089066457 0.0476381518 0.0043116463 -0.1905857325 -0.0253295004 0.2316266000 0.4460405111 0.0592803210 -0.5420911908 0.5235058719 0.8491550341 -0.0492657463 0.0000000000 0.0000000000 0.1197494892
-0.6368054152 -0.0203527082 -0.0432923287 0.1002510190 -0.0134528512 -0.3386260174 -0.0432925672 0.2401149637 0.1294859386 0.0292332400 -0.8112573740 0.4823385106 0.8748856421 -0.0438711118 -0.8705406629 0.4843142153 0.0871704947 0.0975116173 -0.0038540999 0.9952269241 0.2377122651 -0.2610355681 0.3465465266 -0.0214446019 -0.0027440400 0.0089520551 0.0487852022 0.0045516561 -0.1883685291 -0.0250348262 0.2289319336 0.4408514500 0.0585906766 -0.5357846618 0.5231573612 0.8495188343 -0.0479687485 0.0000000000 0.0000000000 0.1184393789
-0.6400983334 -0.0201868638 -0.0432783179 0.1005432010 -0.0135052931 -0.3379591838 -0.0431472565 0.2361093608 0.1359483642 0.0289336520 -0.7944532133 0.4809692321 0.8757096429 -0.0424407711 -0.8712571523 0.4828064738 0.0883678873 0.0978752900 -0.0055254095 0.9951833487 0.2177613048 -0.2545199859 0.3411353163 -0.0221876260 -0.0028340938 0.0089907739 0.0499117337 0.0047972905 -0.1861771196 -0.0247435812 0.2262686342 0.4357227385 0.0579090528 -0.5295515656 0.5228103822 0.8498744045 -0.0466992476 0.0000000000 0.0000000000 0.1171814331
-0.6430147886 -0.0197155550 -0.0431231000 0.1007577777 -0.0135098221 -0.3372601531 -0.0430037606 0.2321859029 0.1423728040 0.0285293099 -0.7782636168 0.4796194851 0.8765161356 -0.0410440424 -0.8719677034 0.4813198370 0.0894624992 0.0981706359 -0.0071188784 0.9951441342 0.1978586323 -0.2478273450 0.3357218868 -0.0229382198 -0.0029248856 0.0090230610 0.0510174185 0.0050484445 -0.1840112060 -0.0244557224 0.2236362994 0.4306536913 0.0572353601 -0.5233909488 0.5224644643 0.8502221270 -0.0454587825 0.0000000000 0.0000000000 0.1159816226
-0.6456204653 -0.0190609694 -0.0428103656 0.1008978412 -0.0134705501 -0.3365291086 -0.0428625838 0.2283417343 0.1487613709 0.0280267331 -0.7626177736 0.4782891776 0.8773054605 -0.0396811237 -0.8726725152 0.4798547332 0.0904550504 0.0983978847 -0.0086350456 0.9951096886 0.1781132287 -0.2412353171 0.3303241016 -0.0236960929 -0.0030164095 0.0090491679 0.0521019921 0.0053050122 -0.1818704903 -0.0241712146 0.2210346013 0.4256436229 0.0565695055 -0.5173020363 0.5221193341 0.8505624527 -0.0442471749 0.0000000000 0.0000000000 0.1148436337
-0.6479747295 -0.0183015708 -0.0423431098 0.1009692401 -0.0133917071 -0.3357662260 -0.0427241985 0.2245743180 0.1551151862 0.0274320268 -0.7474567209 0.4769782435 0.8780779788 -0.0383512503 -0.8733717561 0.4784114831 0.0913467487 0.0985572470 -0.0100755129 0.9950803752 0.1586164599 -0.2348833791 0.3249581167 -0.0244609602 -0.0031086602 0.0090693291 0.0531652607 0.0055668866 -0.1797546744 -0.0238900147 0.2184631675 0.4206918478 0.0559113957 -0.5112839341 0.5217748224 0.8508958523 -0.0430633334 0.0000000000 0.0000000000 0.1137694026
-0.6501307487 -0.0174891334 -0.0417342372 0.1009784415 -0.0132779423 -0.3349716779 -0.0425890483 0.2208813781 0.1614344357 0.0267509198 -0.7327324562 0.4756865989 0.8788340677 -0.0370532184 -0.8740655668 0.4769903059 0.0921392045 0.0986490979 -0.0114424424 0.9950564939 0.1394435513 -0.2288267260 0.3196383867 -0.0252325404 -0.0032016374 0.0090837711 0.0542070903 0.0058339583 -0.1776634753 -0.0236120876 0.2159216404 0.4157976806 0.0552609451 -0.5053358078 0.5214308046 0.8512227889 -0.0419057722 0.0000000000 0.0000000000 0.1127596024
-0.6521315575 -0.0166548062 -0.0410023108 0.1009318382 -0.0131336646 -0.3341456390 -0.0424575486 0.2172608493 0.1677184676 0.0259888130 -0.7184068140 0.4744141191 0.8795741173 -0.0357856916 -0.8747540646 0.4755913258 0.0928343541 0.0986740595 -0.0127382491 0.9950382741 0.1206552694 -0.2230713234 0.3143775983 -0.0260105468 -0.0032953410 0.0090927109 0.0552274361 0.0061061196 -0.1755965948 -0.0233373940 0.2134096920 0.4109604359 0.0546180569 -0.4994569421 0.5210871681 0.8515437050 -0.0407729144 0.0000000000 0.0000000000 0.1118139852
-0.6540111899 -0.0158178210 -0.0401670188 0.1008357257 -0.0129631050 -0.3332882890 -0.0423300892 0.2137108315 0.1739659559 0.0251508204 -0.7044497772 0.4731606290 0.8802985280 -0.0345473704 -0.8754373453 0.4742145809 0.0934343927 0.0986330251 -0.0139654178 0.9950258758 0.1022998139 -0.2175982321 0.3091867485 -0.0267946981 -0.0033897739 0.0090963570 0.0562262908 0.0063832616 -0.1735537797 -0.0230658948 0.2109269649 0.4061794579 0.0539826527 -0.4936464429 0.5207437948 0.8518590166 -0.0396632587 0.0000000000 0.0000000000 0.1109316374
-0.6557968855 -0.0149894673 -0.0392474011 0.1006955430 -0.0127702570 -0.3323998159 -0.0422070347 0.2102295547 0.1801750688 0.0242418029 -0.6908378110 0.4719259017 0.8810077088 -0.0333370707 -0.8761154861 0.4728600309 0.0939417172 0.0985271453 -0.0151264057 0.9950193935 0.0844146850 -0.2123776563 0.3040752336 -0.0275847241 -0.0034849416 0.0090949116 0.0572037324 0.0066652754 -0.1715347171 -0.0227975547 0.2084731162 0.4014541209 0.0533546358 -0.4879035354 0.5204005543 0.8521691131 -0.0385754545 0.0000000000 0.0000000000 0.1101111633
-0.6575096250 -0.0141767375 -0.0382605791 0.1005163565 -0.0125588132 -0.3314804180 -0.0420887262 0.2068153506 0.1863436041 0.0232663958 -0.6775525567 0.4707096626 0.8817020754 -0.0321537527 -0.8767885474 0.4715275657 0.0943588782 0.0983577995 -0.0162235936 0.9950188633 0.0670284176 -0.2073770855 0.2990509405 -0.0283803418 -0.0035808503 0.0090885684 0.0581598617 0.0069520529 -0.1695391387 -0.0225323364 0.2060478181 0.3967837691 0.0527339280 -0.4822274446 0.5200573031 0.8524743580 -0.0375083285 0.0000000000 0.0000000000 0.1093508203
-0.6591635346 -0.0133824963 -0.0372219607 0.1003024951 -0.0123318145 -0.3305303056 -0.0419754824 0.2034666303 0.1924691097 0.0222290295 -0.6645796832 0.4695115949 0.8823820476 -0.0309965215 -0.8774565747 0.4702170136 0.0946885399 0.0981265595 -0.0172592658 0.9950242691 0.0501620847 -0.2025651269 0.2941203572 -0.0291812867 -0.0036775093 0.0090775173 0.0590948351 0.0072434880 -0.1675667763 -0.0222702026 0.2036507279 0.3921677172 0.0521204397 -0.4766173959 0.5197138866 0.8527750907 -0.0364608832 0.0000000000 0.0000000000 0.1086486178
-0.6607704163 -0.0126092490 -0.0361452065 0.1000575572 -0.0120924180 -0.3295497015 -0.0418676003 0.2001818673 0.1985490096 0.0211339406 -0.6519076704 0.4683313468 0.8830480476 -0.0298646144 -0.8781196003 0.4689281483 0.0949334470 0.0978351533 -0.0182356059 0.9950355498 0.0338306675 -0.1979145133 0.2892887947 -0.0299872812 -0.0037749291 0.0090619382 0.0600088537 0.0075394725 -0.1656173766 -0.0220111199 0.2012815326 0.3876053989 0.0515140928 -0.4710725844 0.5193701416 0.8530716291 -0.0354322812 0.0000000000 0.0000000000 0.1080023963
-0.6623381972 -0.0118582090 -0.0350414030 0.0997848585 -0.0118431272 -0.3285388416 -0.0417653561 0.1969595862 0.2045806672 0.0199851856 -0.6395272275 0.4671685379 0.8837004981 -0.0287573787 -0.8787776443 0.4676606964 0.0950963977 0.0974854297 -0.0191547036 0.9950526058 0.0180438600 -0.1934021958 0.2845603979 -0.0307980627 -0.0038731219 0.0090420078 0.0609021522 0.0078399023 -0.1636906415 -0.0217550509 0.1989398897 0.3830961287 0.0509147942 -0.4655922949 0.5190259006 0.8533642712 -0.0344218216 0.0000000000 0.0000000000 0.1074098729
-0.6638722420 -0.0111288531 -0.0339199677 0.0994873568 -0.0115863858 -0.3274979749 -0.0416690067 0.1937983527 0.2105614514 0.0187866483 -0.6274306497 0.4660227661 0.8843398199 -0.0276742533 -0.8794307168 0.4664143438 0.0951802199 0.0970793272 -0.0200185609 0.9950753044 0.0028070950 -0.1890090760 0.2799383358 -0.0316133648 -0.0039721015 0.0090178959 0.0617749877 0.0081446720 -0.1617863178 -0.0215019602 0.1966255009 0.3786393404 0.0503224730 -0.4601757824 0.5186809950 0.8536532972 -0.0334289188 0.0000000000 0.0000000000 0.1068686895
-0.6650074720 -0.0098800277 -0.0326549783 0.0991285443 -0.0113240406 -0.3264273637 -0.0415787895 0.1906967678 0.2164887893 0.0175420450 -0.6156113090 0.4648936134 0.8849664307 -0.0266147484 -0.8800788183 0.4651887414 0.0951877533 0.0966188476 -0.0208291023 0.9951034855 -0.0118775221 -0.1847205876 0.2754248682 -0.0324329287 -0.0040718820 0.0089897681 0.0626276433 0.0084536811 -0.1599041671 -0.0212518144 0.1943380386 0.3742343783 0.0497370362 -0.4548222721 0.5183352577 0.8539389706 -0.0324530801 0.0000000000 0.0000000000 0.1063764554
-0.6657257080 -0.0081677707 -0.0312007833 0.0987067297 -0.0110582374 -0.3253272697 -0.0414949272 0.1876535967 0.2223653657 0.0162537810 -0.6040099429 0.4637807403 0.8855807226 -0.0255775032 -0.8807219137 0.4639835048 0.0951221213 0.0961058565 -0.0215891403 0.9951369621 -0.0258954248 -0.1808964117 0.2710215193 -0.0332564861 -0.0041724811 0.0089577865 0.0634604245 0.0087668262 -0.1580438912 -0.0210045781 0.1920771748 0.3698806763 0.0491584167 -0.4495310187 0.5179886191 0.8542215505 -0.0314929826 0.0000000000 0.0000000000 0.1059351583
-0.6665172577 -0.0067987586 -0.0296959411 0.0982750058 -0.0107895117 -0.3241979340 -0.0414176327 0.1846679735 0.2281954484 0.0149235166 -0.5925514566 0.4626840062 0.8861830305 -0.0245590487 -0.8813598906 0.4627982091 0.0949871613 0.0955418942 -0.0223036799 0.9951755083 -0.0390994601 -0.1779271609 0.2667290195 -0.0340837836 -0.0042739152 0.0089221029 0.0642736033 0.0090840086 -0.1562052667 -0.0207602195 0.1898426265 0.3655776083 0.0485865250 -0.4443013370 0.5176412246 0.8545012978 -0.0305452651 0.0000000000 0.0000000000 0.1055475352
-0.6673950553 -0.0057255486 -0.0281777568 0.0978410617 -0.0105181038 -0.3230395931 -0.0413471086 0.1817392336 0.2339765712 0.0135539891 -0.5812310817 0.4616033064 0.8867736616 -0.0235554782 -0.8819925973 0.4616323998 0.0947870551 0.0949286358 -0.0229782606 0.9952188471 -0.0514960546 -0.1756097376 0.2625478444 -0.0349145755 -0.0043762038 0.0088828746 0.0650674924 0.0094051305 -0.1543880403 -0.0205187015 0.1876340657 0.3613246083 0.0480212867 -0.4391325116 0.5172932557 0.8547784477 -0.0296061728 0.0000000000 0.0000000000 0.1052102533
-0.6683636904 -0.0048686625 -0.0266897157 0.0974105820 -0.0102460375 -0.3218525045 -0.0412835423 0.1788666428 0.2397045277 0.0121480643 -0.5700636858 0.4605383773 0.8873529441 -0.0225644771 -0.8826199000 0.4604856086 0.0945257443 0.0942683144 -0.0236168764 0.9952666618 -0.0631336134 -0.1736480484 0.2584784488 -0.0357485972 -0.0044793668 0.0088402517 0.0658423901 0.0097300941 -0.1525919437 -0.0202799942 0.1854511946 0.3571211100 0.0474626236 -0.4340237975 0.5169447270 0.8550531949 -0.0286735441 0.0000000000 0.0000000000 0.1049187913
-0.6694180965 -0.0041671451 -0.0252594855 0.0969873443 -0.0099754604 -0.3206369463 -0.0412271079 0.1760493884 0.2453752005 0.0107084373 -0.5590652930 0.4594888381 0.8879212230 -0.0215849350 -0.8832416855 0.4593573569 0.0942069199 0.0935635222 -0.0242223138 0.9953186157 -0.0740617799 -0.1718378557 0.2545206927 -0.0365856029 -0.0045834254 0.0087943859 0.0665986463 0.0100588044 -0.1508167386 -0.0200440641 0.1832937300 0.3529664874 0.0469104610 -0.4289745390 0.5165955347 0.8553257079 -0.0277464218 0.0000000000 0.0000000000 0.1046690394
-0.6705473065 -0.0035792287 -0.0239028540 0.0965727642 -0.0097080404 -0.3193932166 -0.0411779660 0.1732865786 0.2509847429 0.0092376557 -0.5482513850 0.4584542383 0.8884788523 -0.0206165084 -0.8838578592 0.4582471609 0.0938340249 0.0928170032 -0.0247965434 0.9953743694 -0.0843291120 -0.1700527459 0.2506736425 -0.0374253467 -0.0046884017 0.0087454226 0.0673366114 0.0103911692 -0.1490622014 -0.0198108796 0.1811613590 0.3488602042 0.0463647246 -0.4239839911 0.5162455081 0.8555961385 -0.0268246149 0.0000000000 0.0000000000 0.1044572813
-0.6717379093 -0.0030756420 -0.0226261131 0.0961672589 -0.0094449688 -0.3181216317 -0.0411362652 0.1705772491 0.2565296965 0.0077381278 -0.5376356973 0.4574340919 0.8890261881 -0.0196593093 -0.8844683443 0.4571545368 0.0934102639 0.0920315132 -0.0253410025 0.9954335910 -0.0939822018 -0.1682191616 0.2469357012 -0.0382675864 -0.0047943182 0.0086935060 0.0680566579 0.0107270963 -0.1473280638 -0.0195804071 0.1790537834 0.3448016942 0.0458253324 -0.4190515280 0.5158944452 0.8558646270 -0.0259083871 0.0000000000 0.0000000000 0.1042801363
-0.6729756594 -0.0026370673 -0.0214306675 0.0957702994 -0.0091868434 -0.3168225237 -0.0411021424 0.1679203735 0.2620070382 0.0062121300 -0.5272296507 0.4564279001 0.8895635836 -0.0187137016 -0.8850730797 0.4560790035 0.0929386156 0.0912097344 -0.0258567836 0.9954959624 -0.1030647606 -0.1662978854 0.2433047917 -0.0391120799 -0.0049011987 0.0086387768 0.0687591657 0.0110664954 -0.1456141025 -0.0193526149 0.1769707352 0.3407903910 0.0452922173 -0.4141764343 0.5155421357 0.8561313062 -0.0249982524 0.0000000000 0.0000000000 0.1041345267
-0.6742470860 -0.0022491254 -0.0203145202 0.0953810513 -0.0089344392 -0.3154962386 -0.0410757234 0.1653148758 0.2674141867 0.0046618126 -0.5170421403 0.4554351654 0.8900913861 -0.0177801725 -0.8856720182 0.4550200854 0.0924218488 0.0903542271 -0.0263447588 0.9955611821 -0.1116175098 -0.1642709553 0.2397785780 -0.0399585851 -0.0050090682 0.0085813701 0.0694444999 0.0114092808 -0.1439200789 -0.0191274751 0.1749119312 0.3368257582 0.0447653048 -0.4093580544 0.5151883743 0.8563963027 -0.0240948460 0.0000000000 0.0000000000 0.1040176403
