# Actions and States
# action[0], ..., state[0], ..., command[0], ...
-0.8965485096 0.1256133765 -0.2799966633 0.1530007422 -0.0115468735 0.2005774660 0.0342713190 0.0080258762 0.0000000000 0.0000000000 0.0000000000 -0.3177611107 -0.9481708056 0.0000000000 0.9481708056 -0.3177611107 0.0000000000 0.0000000000 0.0000000000 1.0000000000 0.0000000000 0.0000000000 0.0000000000 0.0000066484 0.0000011360 0.0000002660 -0.0003462729 -0.0000008657 0.1952939928 0.0333685689 0.0078144642 -0.5213263631 -0.0890755206 -0.0208602753 -0.3171043642 -0.9483906485 0.0000000000 0.0000000000 0.0000000000 0.0692585027
-0.8839933872 0.0948190689 -0.2535032630 0.1545454115 -0.0113043739 0.2005774643 0.0342713169 0.0079687187 -0.0000010906 -0.0000013655 -0.0228630111 -0.3177641658 -0.9481696970 -0.0004007808 0.9481697443 -0.3177642436 0.0001465936 -0.0002663494 -0.0003334261 0.9999999089 0.0586377436 0.1602767648 -0.0013090649 0.0000265053 0.0000045288 0.0000009177 -0.0006958733 -0.0000034709 0.1927046776 0.0329261497 0.0077108559 -0.5144143701 -0.0878945142 -0.0205836985 -0.3167758179 -0.9485002689 -0.0004006278 0.0000000000 0.0000000000 0.0692820552
-0.8659874797 0.0595406629 -0.2192059904 0.1560638398 -0.0110289156 0.2005774289 0.0342712728 0.0077705760 -0.0000135888 -0.0000168555 -0.0506782958 -0.3177780094 -0.9481634948 -0.0017674306 0.9481643861 -0.3177795579 0.0006704489 -0.0011973485 -0.0014627608 0.9999982133 0.1362525367 0.3463238173 -0.0046188114 0.0000593951 0.0000101483 0.0000014526 -0.0010583904 -0.0000078561 0.1901496947 0.0324895978 0.0076086214 -0.5075939894 -0.0867291614 -0.0203107875 -0.3164453320 -0.9486074588 -0.0017664843 0.0000000000 0.0000000000 0.0694999260
-0.8467382193 0.0328212678 -0.1872228980 0.1567920148 -0.0108739026 0.2005772494 0.0342710537 0.0074401917 -0.0000561176 -0.0000680296 -0.0759505438 -0.3178067529 -0.9481472397 -0.0039597504 0.9481515103 -0.3178147691 0.0015767056 -0.0027534162 -0.0032533556 0.9999909171 0.2105538519 0.4941029030 -0.0085816425 0.0001051437 0.0000179644 0.0000011808 -0.0014421687 -0.0000141060 0.1876285970 0.0320588313 0.0075077419 -0.5008640289 -0.0855792537 -0.0200414974 -0.3161080365 -0.9487066960 -0.0039568932 0.0000000000 0.0000000000 0.0700945091
-0.8273571730 0.0146385403 -0.1591569036 0.1568055302 -0.0108747967 0.2005767044 0.0342704045 0.0069933854 -0.0001530961 -0.0001808232 -0.0978351555 -0.3178477402 -0.9481176085 -0.0067686440 0.9481294347 -0.3178719195 0.0028315715 -0.0048362246 -0.0055175420 0.9999730835 0.2768782539 0.6016103779 -0.0123939359 0.0001635787 0.0000279463 -0.0000005263 -0.0018496901 -0.0000223329 0.1851409078 0.0316337794 0.0074082003 -0.4942232966 -0.0844445974 -0.0197757762 -0.3157576734 -0.9487916700 -0.0067622550 0.0000000000 0.0000000000 0.0711378967
-0.8084903955 0.0024308886 -0.1346102208 0.1562856734 -0.0109690204 0.2005754398 0.0342689369 0.0064477015 -0.0003320998 -0.0003819543 -0.1162015125 -0.3178970377 -0.9480723178 -0.0100176623 0.9480967547 -0.3179516454 0.0043926036 -0.0073496381 -0.0081013174 0.9999401739 0.3348857501 0.6780285005 -0.0159932793 0.0002345286 0.0000400620 -0.0000042134 -0.0022820197 -0.0000326577 0.1826862097 0.0312143601 0.0073099784 -0.4876706302 -0.0833249912 -0.0195135772 -0.3153882450 -0.9488572177 -0.0100055816 0.0000000000 0.0000000000 0.0726229379
-0.7906413078 -0.0059699453 -0.1129821390 0.1553812623 -0.0111034121 0.2005729591 0.0342661320 0.0058205660 -0.0006220105 -0.0006969506 -0.1311203548 -0.3179514624 -0.9480097725 -0.0135771396 0.9480519680 -0.3180546877 0.0062194571 -0.0102143790 -0.0108943484 0.9998884836 0.3850733693 0.7315691397 -0.0194333831 0.0003178219 0.0000542776 -0.0000103381 -0.0027403561 -0.0000452067 0.1802640557 0.0308005046 0.0072130589 -0.4812048078 -0.0822202191 -0.0192548558 -0.3149946697 -0.9488997590 -0.0135566313 0.0000000000 0.0000000000 0.0745017674
-0.7742249966 -0.0119624389 -0.0938188061 0.1541969031 -0.0112453727 0.2005686218 0.0342613502 0.0051287502 -0.0010513949 -0.0011487992 -0.1427594151 -0.3180086161 -0.9479290471 -0.0173505564 0.9479936261 -0.3181817353 0.0082745471 -0.0133643137 -0.0138168396 0.9998152280 0.4280188176 0.7678557319 -0.0227560218 0.0004132863 0.0000705568 -0.0000192720 -0.0032258346 -0.0000601125 0.1778740287 0.0303921346 0.0071174242 -0.4748247564 -0.0811301023 -0.0189995654 -0.3145730009 -0.9489172092 -0.0173182891 0.0000000000 0.0000000000 0.0767059736
-0.7584456801 -0.0165459830 -0.0752130300 0.1509409100 -0.0113755921 0.2005616495 0.0342538479 0.0043879432 -0.0016468522 -0.0017567363 -0.1513653551 -0.3180668376 -0.9478298067 -0.0212636866 0.9479204357 -0.3183333297 0.0105232460 -0.0167431863 -0.0168091875 0.9997185188 0.4643208344 0.7906871872 -0.0259931332 0.0005207486 0.0000888600 -0.0000313058 -0.0037394024 -0.0000775124 0.1755156666 0.0299891792 0.0070230574 -0.4685292542 -0.0800544322 -0.0187476575 -0.3141204671 -0.9489087753 -0.0212157348 0.0000000000 0.0000000000 0.0791589299
-0.7447856069 -0.0200138930 -0.0588253886 0.1477652341 -0.0114821512 0.2005511336 0.0342427918 0.0036128140 -0.0024345627 -0.0025383107 -0.1570844245 -0.3181251715 -0.9477122471 -0.0252561270 0.9478313396 -0.3185098021 0.0129328118 -0.0203009082 -0.0198242957 0.9995973542 0.4941346722 0.8021227827 -0.0291702991 0.0006400329 0.0001091444 -0.0000466538 -0.0042817323 -0.0000975480 0.1731885970 0.0295915660 0.0069299419 -0.4623172581 -0.0789930299 -0.0184990913 -0.3136354984 -0.9488748031 -0.0251880020 0.0000000000 0.0000000000 0.0817713210
-0.7336013317 -0.0226287059 -0.0447762534 0.1450832933 -0.0115594482 0.2005360492 0.0342272781 0.0028169058 -0.0034345981 -0.0035041615 -0.1602496366 -0.3181833438 -0.9475770372 -0.0292765831 0.9477255714 -0.3187112464 0.0154720012 -0.0239916893 -0.0228232334 0.9994515991 0.5180154668 0.8040945162 -0.0323095137 0.0007709612 0.0001313627 -0.0000654601 -0.0048531815 -0.0001203634 0.1708923578 0.0291992258 0.0068380609 -0.4561876059 -0.0779456943 -0.0182538200 -0.3131177230 -0.9488166460 -0.0291832910 0.0000000000 0.0000000000 0.0844615868
-0.7247328162 -0.0245871451 -0.0327319652 0.1428174675 -0.0116047421 0.2005152928 0.0342063723 0.0020116976 -0.0046599462 -0.0046577810 -0.1612997542 -0.3182416410 -0.9474251864 -0.0332832414 0.9476026303 -0.3189375631 0.0181131411 -0.0277761220 -0.0257749314 0.9992818121 0.5367059720 0.7984008203 -0.0354283276 0.0009133519 0.0001554639 -0.0000878057 -0.0054538357 -0.0001461037 0.1686265767 0.0288120862 0.0067473985 -0.4501392245 -0.0769122466 -0.0180118009 -0.3125677459 -0.9487363903 -0.0331593498 0.0000000000 0.0000000000 0.0871618500
-0.7179167271 -0.0260150954 -0.0223990157 0.1408982426 -0.0116166016 0.2004877139 0.0341791388 0.0012064679 -0.0061179433 -0.0059974602 -0.1606631491 -0.3183007970 -0.9472579407 -0.0372423995 0.9474622573 -0.3191884896 0.0208321630 -0.0316207771 -0.0286548738 0.9990890975 0.5508859662 0.7865276074 -0.0385399012 0.0010670200 0.0001813922 -0.0001137201 -0.0060835485 -0.0001749139 0.1663908362 0.0284300800 0.0066579375 -0.4441710114 -0.0758925080 -0.0177729912 -0.3119869564 -0.9486366346 -0.0370821112 0.0000000000 0.0000000000 0.0898151222
-0.7128551006 -0.0269999579 -0.0135300541 0.1392663568 -0.0115947891 0.2004521392 0.0341446626 0.0004084789 -0.0078113276 -0.0075176352 -0.1587239405 -0.3183618901 -0.9470767010 -0.0411269904 0.9473044123 -0.3194636234 0.0236081306 -0.0354972878 -0.0314438504 0.9988749806 0.5611424661 0.7697013452 -0.0416533571 0.0012317766 0.0002090879 -0.0001431911 -0.0067419680 -0.0002069375 0.1641847342 0.0280531384 0.0065696631 -0.4382819533 -0.0748862848 -0.0175373480 -0.3113773628 -0.9485203104 -0.0409242232 0.0000000000 0.0000000000 0.0923742331
-0.7070702314 -0.0240332242 -0.0050265663 0.1376176029 -0.0115400795 0.2004073932 0.0341020652 -0.0003767713 -0.0097391811 -0.0092099804 -0.1558131673 -0.3184262476 -0.9468829513 -0.0449154916 0.9471292493 -0.3197624435 0.0264228088 -0.0393815945 -0.0341270599 0.9986412939 0.5679805314 0.7489531446 -0.0447742532 0.0014074289 0.0002384869 -0.0001761744 -0.0074285641 -0.0002423161 0.1620078832 0.0276811942 0.0064825588 -0.4324709773 -0.0738933980 -0.0173048284 -0.3107414364 -0.9483905257 -0.0446639588 0.0000000000 0.0000000000 0.0948011647
-0.7024071813 -0.0214310251 0.0026509401 0.1361445487 -0.0114562865 0.2003522811 0.0340504877 -0.0011444853 -0.0119109506 -0.0110756766 -0.1518909324 -0.3184950674 -0.9466779458 -0.0485979313 0.9469371564 -0.3200842802 0.0292587650 -0.0432540614 -0.0367004145 0.9983897865 0.5712236821 0.7279051161 -0.0479040372 0.0015937807 0.0002695212 -0.0002126001 -0.0081425933 -0.0002811879 0.1598598957 0.0273141824 0.0063966098 -0.4267370403 -0.0729136765 -0.0170753915 -0.3100816398 -0.9482498437 -0.0482912118 0.0000000000 0.0000000000 0.0970417542
-0.6988805532 -0.0195926614 0.0095586246 0.1348461509 -0.0113548525 0.2002855750 0.0339890750 -0.0018898859 -0.0143273685 -0.0131091444 -0.1470952956 -0.3185691528 -0.9464624975 -0.0521769650 0.9467287886 -0.3204283099 0.0320982725 -0.0470987879 -0.0391719154 0.9981218689 0.5710885756 0.7073328294 -0.0510393890 0.0017906309 0.0003021190 -0.0002523742 -0.0088830814 -0.0003236866 0.1577403843 0.0269520357 0.0063117999 -0.4210791290 -0.0719469488 -0.0168489963 -0.3094000827 -0.9480997969 -0.0518085572 0.0000000000 0.0000000000 0.0990685581
-0.6963572502 -0.0183148310 0.0157012548 0.1337137669 -0.0112419156 0.2002060655 0.0339170155 -0.0026092261 -0.0169834328 -0.0153011806 -0.1416332627 -0.3186493805 -0.9462374004 -0.0556538800 0.9465049611 -0.3207936578 0.0349254605 -0.0509011887 -0.0415476972 0.9978390942 0.5679537277 0.6867853137 -0.0541793851 0.0019977745 0.0003362044 -0.0002953814 -0.0096489545 -0.0003699411 0.1556489766 0.0265946910 0.0062281149 -0.4154962301 -0.0709930360 -0.0166256037 -0.3086990405 -0.9479418700 -0.0552172692 0.0000000000 0.0000000000 0.1008671737
-0.6947044730 -0.0174193345 0.0210912693 0.1327380985 -0.0111203380 0.2001125751 0.0338335455 -0.0032997477 -0.0198719197 -0.0176419525 -0.1356928275 -0.3187367716 -0.9460034886 -0.0590277052 0.9462666091 -0.3211794323 0.0377263413 -0.0546477353 -0.0438311742 0.9975432087 0.5621809429 0.6658938503 -0.0573252785 0.0022150031 0.0003716980 -0.0003414900 -0.0104390811 -0.0004200745 0.1535852998 0.0262420848 0.0061455392 -0.4099873602 -0.0700517744 -0.0164051726 -0.3079810055 -0.9477776464 -0.0585164342 0.0000000000 0.0000000000 0.1024280644
-0.6937867403 -0.0167829283 0.0257612672 0.1319065243 -0.0109913098 0.2000039675 0.0337379516 -0.0039595594 -0.0229840430 -0.0201213998 -0.1294376490 -0.3188324651 -0.9457616194 -0.0622962153 0.9460147568 -0.3215847436 0.0404886716 -0.0583261440 -0.0460240360 0.9972361050 0.5541046515 0.6444788425 -0.0604788797 0.0024421033 0.0004085171 -0.0003905564 -0.0112523017 -0.0004742042 0.1515489817 0.0258941539 0.0060640583 -0.4045515358 -0.0691229925 -0.0161876641 -0.3072486262 -0.9476087761 -0.0617039513 0.0000000000 0.0000000000 0.1037459276
-0.6934698820 -0.0163247976 0.0297634583 0.1311972439 -0.0108556058 0.1998791538 0.0336295704 -0.0045875143 -0.0263099495 -0.0227294916 -0.1230066795 -0.3189376785 -0.9455126523 -0.0654567153 0.9457504904 -0.3220087157 0.0432018159 -0.0619254964 -0.0481270338 0.9969197668 0.5440316972 0.6224917442 -0.0636415950 0.0026788590 0.0004465758 -0.0004424298 -0.0120874466 -0.0005324418 0.1495396644 0.0255508348 0.0059836577 -0.3991877735 -0.0682065189 -0.0159730390 -0.3065046386 -0.9474369303 -0.0647773102 0.0000000000 0.0000000000 0.1048193948
-0.6929170489 -0.0160720069 0.0339975990 0.1295860559 -0.0107131675 0.1997370962 0.0335077882 -0.0051830862 -0.0298391983 -0.0254564739 -0.1165142728 -0.3190536714 -0.9452574310 -0.0685065246 0.9454749340 -0.3224504938 0.0458566037 -0.0654362581 -0.0501404841 0.9965962211 0.5322399798 0.5999602887 -0.0668140921 0.0029250500 0.0004857854 -0.0004969548 -0.0129433507 -0.0005948929 0.1475569904 0.0252120681 0.0059043230 -0.3938951194 -0.0673022047 -0.0157612599 -0.3057518059 -0.9472637606 -0.0677340694 0.0000000000 0.0000000000 0.1056504908
-0.6928581595 -0.0158778653 0.0376093537 0.1280440390 -0.0105635170 0.1995767926 0.0333720254 -0.0057459927 -0.0335680913 -0.0282983355 -0.1099484097 -0.3191817727 -0.9449968166 -0.0714423720 0.9451892675 -0.3229092213 0.0484446435 -0.0688494346 -0.0520639161 0.9962675865 0.5187615460 0.5766040913 -0.0699963239 0.0031804531 0.0005260544 -0.0005539740 -0.0138188256 -0.0006616575 0.1456006020 0.0248777922 0.0058260402 -0.3886726499 -0.0664098710 -0.0155522879 -0.3049929846 -0.9470909606 -0.0705712600 0.0000000000 0.0000000000 0.1062279334
-0.6932377815 -0.0157136060 0.0406225771 0.1265732646 -0.0104081444 0.1993972695 0.0332217290 -0.0062760036 -0.0374871313 -0.0312470155 -0.1033724021 -0.3193233951 -0.9447317038 -0.0742601996 0.9448947331 -0.3233840271 0.0509579662 -0.0721561687 -0.0538960007 0.9959360966 0.5037855379 0.5524652899 -0.0731879183 0.0034448416 0.0005672888 -0.0006133285 -0.0147126466 -0.0007328291 0.1436701566 0.0245479494 0.0057487953 -0.3835194111 -0.0655293763 -0.0153460875 -0.3042311563 -0.9469202945 -0.0732851954 0.0000000000 0.0000000000 0.1065535490
-0.6939711571 -0.0155702168 0.0430834144 0.1251763403 -0.0102466932 0.1991976115 0.0330563934 -0.0067733169 -0.0415843918 -0.0342930343 -0.0968677815 -0.3194799190 -0.9444629406 -0.0769567091 0.9445925643 -0.3238740737 0.0533898106 -0.0753489804 -0.0556357629 0.9956039338 0.4875451723 0.5277042084 -0.0763878300 0.0037179864 0.0006093924 -0.0006748597 -0.0156236207 -0.0008084954 0.1417652965 0.0242224783 0.0056725750 -0.3784345090 -0.0646605492 -0.0151426205 -0.3034692140 -0.9467534346 -0.0758729881 0.0000000000 0.0000000000 0.1066364685
-0.6949834824 -0.0154428575 0.0450375974 0.1238550842 -0.0100777913 0.1989769638 0.0328755595 -0.0072384968 -0.0458478773 -0.0374272499 -0.0905015992 -0.3196526656 -0.9441913185 -0.0795294128 0.9442839661 -0.3243785624 0.0557345458 -0.0784217109 -0.0572826532 0.9952731951 0.4702562833 0.5024803726 -0.0795939494 0.0039996551 0.0006522668 -0.0007384105 -0.0165505912 -0.0008887383 0.1398856938 0.0239013247 0.0055973646 -0.3734170198 -0.0638032481 -0.0149418516 -0.3027099187 -0.9465919367 -0.0783325903 0.0000000000 0.0000000000 0.1064885377
-0.6962110996 -0.0153302755 0.0465297513 0.1226105765 -0.0099004852 0.1987345305 0.0326788125 -0.0076723999 -0.0502657951 -0.0406409965 -0.0843268303 -0.3198428747 -0.9439175675 -0.0819765896 0.9439701017 -0.3248967340 0.0579875788 -0.0813694206 -0.0588365357 0.9949458676 0.4521167015 0.4769435269 -0.0828027777 0.0042896131 0.0006958117 -0.0008038273 -0.0174924582 -0.0009736337 0.1380310059 0.0235844273 0.0055231517 -0.3684660494 -0.0629573092 -0.0147437444 -0.3019558698 -0.9464372275 -0.0806627421 0.0000000000 0.0000000000 0.1061237024
-0.6976011395 -0.0152329197 0.0476026200 0.1214429438 -0.0097132847 0.1984695742 0.0324657794 -0.0080761107 -0.0548266713 -0.0439261110 -0.0783843743 -0.3200516879 -0.9436423556 -0.0842972234 0.9436520808 -0.3254278682 0.0601452654 -0.0841882856 -0.0602976566 0.9946238109 0.4333070770 0.4512301909 -0.0860096181 0.0045876242 0.0007399251 -0.0008709613 -0.0184481684 -0.0010632526 0.1362009197 0.0232717320 0.0054499228 -0.3635807335 -0.0621225871 -0.0145482644 -0.3012094839 -0.9462905988 -0.0828629022 0.0000000000 0.0000000000 0.1055575161
-0.6991093159 -0.0151524274 0.0482963696 0.1203519404 -0.0095152967 0.1981814135 0.0322361266 -0.0084508871 -0.0595194182 -0.0472749315 -0.0727050432 -0.3202801351 -0.9433662885 -0.0864909291 0.9433309512 -0.3259712812 0.0622048255 -0.0868754943 -0.0616666005 0.9943087442 0.4139917946 0.4254621494 -0.0892085788 0.0048934505 0.0007845035 -0.0009396696 -0.0194167197 -0.0011576600 0.1343950927 0.0229631830 0.0053776652 -0.3587601781 -0.0612989329 -0.0143553754 -0.3004729809 -0.9461532045 -0.0849331668 0.0000000000 0.0000000000 0.1048066887
-0.7006988525 -0.0150893796 0.0486493520 0.1193366796 -0.0093052089 0.1978694212 0.0319895572 -0.0087981151 -0.0643333845 -0.0506802883 -0.0673112172 -0.3205291253 -0.9430899122 -0.0885578753 0.9430076921 -0.3265263233 0.0641642638 -0.0894291474 -0.0629442422 0.9940022384 0.3943200499 0.3997460205 -0.0923928474 0.0052068504 0.0008294423 -0.0010098158 -0.0203971658 -0.0012569171 0.1326132119 0.0226587243 0.0053063650 -0.3540035486 -0.0604861975 -0.0141650438 -0.2997483747 -0.9460260624 -0.0868741859 0.0000000000 0.0000000000 0.1038886920
-0.7023406625 -0.0150452973 0.0486964025 0.1183959544 -0.0090823062 0.1975330218 0.0317258090 -0.0091192709 -0.0692583873 -0.0541354883 -0.0622182616 -0.3207994396 -0.9428137159 -0.0904987103 0.9426832100 -0.3270923756 0.0660222952 -0.0918481636 -0.0641316994 0.9937057110 0.3744265275 0.3741746074 -0.0955547263 0.0055275834 0.0008746356 -0.0010812706 -0.0213886071 -0.0013610797 0.1308549494 0.0223583039 0.0052360101 -0.3493099809 -0.0596842393 -0.0139772361 -0.2990374699 -0.9459100575 -0.0886870841 0.0000000000 0.0000000000 0.1028213814
-0.7040102482 -0.0150213717 0.0484711379 0.1175281778 -0.0088458136 0.1971716897 0.0314446515 -0.0094158904 -0.0742847113 -0.0576342804 -0.0574359289 -0.3210917279 -0.9425381353 -0.0923144935 0.9423583356 -0.3276688463 0.0677782740 -0.0941321916 -0.0652302894 0.9934204245 0.3544326642 0.3488274747 -0.0986858925 0.0058554062 0.0009199766 -0.0011539122 -0.0223901980 -0.0014701996 0.1291200072 0.0220618658 0.0051665884 -0.3446786404 -0.0588929132 -0.0137919188 -0.2983418616 -0.9458059472 -0.0903733874 0.0000000000 0.0000000000 0.1016227150
-0.7056878805 -0.0150178857 0.0480039269 0.1167314798 -0.0085950764 0.1967849460 0.0311458844 -0.0096895436 -0.0794031202 -0.0611708347 -0.0529693168 -0.3214065073 -0.9422635568 -0.0940066302 0.9420338234 -0.3282551674 0.0694321298 -0.0962815277 -0.0662414869 0.9931474880 0.3344472911 0.3237716101 -0.1017775203 0.0061900760 0.0009653576 -0.0012276263 -0.0234011300 -0.0015843239 0.1274080724 0.0217693560 0.0050980868 -0.3401086926 -0.0581120774 -0.0136090573 -0.2976629390 -0.9457143682 -0.0919349539 0.0000000000 0.0000000000 0.1003104665
-0.7073590159 -0.0150348982 0.0473233461 0.1160038337 -0.0083297351 0.1963723569 0.0308293355 -0.0099418147 -0.0846048540 -0.0647397145 -0.0488197383 -0.3217441628 -0.9419903219 -0.0955768126 0.9417103513 -0.3288507908 0.0709843058 -0.0982970395 -0.0671668877 0.9928878593 0.3145676134 0.2990632474 -0.1048203970 0.0065313480 0.0010106706 -0.0013023070 -0.0244206470 -0.0017034966 0.1257188171 0.0214807261 0.0050304937 -0.3355993629 -0.0573415980 -0.0134286219 -0.2970018910 -0.9456358439 -0.0933739115 0.0000000000 0.0000000000 0.0989020154
-0.7090106606 -0.0150725152 0.0464554951 0.1153431237 -0.0080491947 0.1959335308 0.0304948585 -0.0101742852 -0.0898815990 -0.0683358340 -0.0449856559 -0.3221049491 -0.9417187314 -0.0970269693 0.9413885224 -0.3294551849 0.0724357028 -0.1001800963 -0.0680081769 0.9926423506 0.2948799640 0.2747489562 -0.1078050941 0.0068789767 0.0010558064 -0.0013778554 -0.0254480224 -0.0018277573 0.1240519732 0.0211959239 0.0049637966 -0.3311497867 -0.0565813333 -0.0132505773 -0.2963597146 -0.9455707918 -0.0946926054 0.0000000000 0.0000000000 0.0974141597
-0.7106329203 -0.0151288146 0.0454242043 0.1147467569 -0.0077534551 0.1954681165 0.0301423316 -0.0103885217 -0.0952254933 -0.0719544429 -0.0414631040 -0.3224889937 -0.9414490496 -0.0983592193 0.9410688675 -0.3300678306 0.0737876263 -0.1019325048 -0.0687671018 0.9924116334 0.2754606925 0.2508664538 -0.1107219761 0.0072327191 0.0011006561 -0.0014541810 -0.0264825709 -0.0019571425 0.1224072278 0.0209148973 0.0048979842 -0.3267592490 -0.0558311455 -0.0130748944 -0.2957372236 -0.9455195320 -0.0958935493 0.0000000000 0.0000000000 0.0958629797
-0.7122194767 -0.0152041372 0.0442516543 0.1142128929 -0.0074424562 0.1949758006 0.0297716557 -0.0105860649 -0.1006291098 -0.0755910983 -0.0382462029 -0.3228963011 -0.9411815085 -0.0995758340 0.9407518483 -0.3306882179 0.0750417386 -0.1035564518 -0.0694454500 0.9921962461 0.2563768540 0.2274470529 -0.1135614172 0.0075923279 0.0011451101 -0.0015312012 -0.0275236368 -0.0020916848 0.1207842827 0.0206375960 0.0048330440 -0.3224268854 -0.0550909042 -0.0129015399 -0.2951350592 -0.9454822945 -0.0969793863 0.0000000000 0.0000000000 0.0942637246
-0.7137635946 -0.0152963540 0.0429583751 0.1137385443 -0.0071163168 0.1944563058 0.0293827534 -0.0107684220 -0.1060854171 -0.0792416242 -0.0353277951 -0.3233267573 -0.9409163118 -0.1006792045 0.9404378609 -0.3313158428 0.0762000144 -0.1050544520 -0.0700450322 0.9919966006 0.2376870446 0.2045148269 -0.1163138674 0.0079575591 0.0011890588 -0.0016088403 -0.0285705887 -0.0022314142 0.1191828623 0.0203639716 0.0047689648 -0.3181519806 -0.0543604828 -0.0127304848 -0.2945537002 -0.9454592265 -0.0979528553 0.0000000000 0.0000000000 0.0926307377
-0.7152616978 -0.0154045550 0.0415630080 0.1133216172 -0.0067752753 0.1939093886 0.0289755670 -0.0109370609 -0.1115877888 -0.0829021053 -0.0326995220 -0.3237801358 -0.9406536380 -0.1016718104 0.9401272403 -0.3319502044 0.0772646992 -0.1064292986 -0.0705676638 0.9918129911 0.2194418711 0.1820886854 -0.1189699368 0.0083281668 0.0012323923 -0.0016870305 -0.0296228137 -0.0023763573 0.1176026687 0.0200939756 0.0047057355 -0.3139337301 -0.0536397398 -0.0125616966 -0.2939934756 -0.9454504002 -0.0988167590 0.0000000000 0.0000000000 0.0909773813
-0.7167107463 -0.0155265667 0.0400823057 0.1129596457 -0.0064196899 0.1933348378 0.0285500579 -0.0110934052 -0.1171299681 -0.0865688536 -0.0303522711 -0.3242561034 -0.9403936442 -0.1025561962 0.9398202653 -0.3325908023 0.0782382715 -0.1076840209 -0.0710151545 0.9916456018 0.2016846938 0.1601825241 -0.1215204710 0.0087039061 0.0012750010 -0.0017657111 -0.0306797270 -0.0025265377 0.1160434335 0.0198275577 0.0046433443 -0.3097714484 -0.0529285558 -0.0123951472 -0.2934545749 -0.9454558196 -0.0995739400 0.0000000000 0.0000000000 0.0893160096
-0.7181085944 -0.0156612843 0.0385316797 0.1126500592 -0.0060499762 0.1927324720 0.0281062054 -0.0112388312 -0.1227060538 -0.0902383893 -0.0282763725 -0.3247542261 -0.9401364692 -0.1033349501 0.9395171626 -0.3332371340 0.0791234084 -0.1088218444 -0.0713892979 0.9914945155 0.1844522500 0.1388066480 -0.1239566166 0.0090845339 0.0013167751 -0.0018448280 -0.0317407548 -0.0026819762 0.1145048663 0.0195646733 0.0045817802 -0.3056643307 -0.0522268005 -0.0122308061 -0.2929370606 -0.9454754267 -0.1002272595 0.0000000000 0.0000000000 0.0876579563
-0.7194544077 -0.0158064011 0.0369258039 0.1123906076 -0.0056667915 0.1921021386 0.0276440055 -0.0113746656 -0.1283104859 -0.0939074248 -0.0264617526 -0.3252739761 -0.9398822359 -0.1040106874 0.9392181122 -0.3338886928 0.0799229533 -0.1098461565 -0.0716918646 0.9913597220 0.1677752896 0.1179675995 -0.1262698613 0.0094698044 0.0013576052 -0.0019243344 -0.0328053348 -0.0028426903 0.1129866987 0.0193052739 0.0045210323 -0.3016116619 -0.0515343472 -0.0120686432 -0.2924408786 -0.9455091079 -0.1007795811 0.0000000000 0.0000000000 0.0860135381
-0.7207471132 -0.0159604847 0.0352769382 0.1121788248 -0.0052708494 0.1914437117 0.0271634700 -0.0115021841 -0.1339380214 -0.0975728421 -0.0248981584 -0.3258147378 -0.9396310542 -0.1045860347 0.9389232525 -0.3345449664 0.0806398876 -0.1107604741 -0.0719245960 0.9912411260 0.1516788074 0.0976692141 -0.1284521227 0.0098594762 0.0013973822 -0.0020041894 -0.0338729024 -0.0030086953 0.1114886552 0.0190493148 0.0044610901 -0.2976127267 -0.0508510806 -0.0119086308 -0.2919658700 -0.9455566990 -0.1012337555 0.0000000000 0.0000000000 0.0843920380
-0.7219870687 -0.0161215253 0.0335969180 0.1120124087 -0.0048628068 0.1907570907 0.0266646259 -0.0116226106 -0.1395837293 -0.1012316845 -0.0235751746 -0.3263758148 -0.9393830228 -0.1050636189 0.9386326845 -0.3352054350 0.0812773032 -0.1115684148 -0.0720892006 0.9911385554 0.1361828837 0.0779128388 -0.1304957894 0.0102533065 0.0014359971 -0.0020843584 -0.0349429213 -0.0031800033 0.1100104824 0.0187967494 0.0044019427 -0.2936668098 -0.0501768664 -0.0117507391 -0.2915117814 -0.9456179912 -0.1015926097 0.0000000000 0.0000000000 0.0828017612
-0.7231739163 -0.0162874516 0.0318966620 0.1118891314 -0.0044434969 0.1900421987 0.0261475148 -0.0117371171 -0.1452429642 -0.1048811353 -0.0224824235 -0.3269564362 -0.9391382315 -0.1054460568 0.9383464772 -0.3358695705 0.0818383789 -0.1122736723 -0.0721873512 0.9910517690 0.1213029633 0.0586978854 -0.1323937094 0.0106510539 0.0014733414 -0.0021648132 -0.0360148437 -0.0033566244 0.1085519046 0.0185475312 0.0043435795 -0.2897732258 -0.0495115966 -0.0115949418 -0.2910782751 -0.9456927349 -0.1018589377 0.0000000000 0.0000000000 0.0812500482
-0.7243092060 -0.0164571442 0.0301849768 0.1118068472 -0.0040138746 0.1892989814 0.0256121915 -0.0118468235 -0.1509113661 -0.1085185139 -0.0216095159 -0.3275557634 -0.9388967628 -0.1057359478 0.9380646721 -0.3365368355 0.0823263585 -0.1128799927 -0.0722206840 0.9909804640 0.1070501448 0.0400222557 -0.1341392394 0.0110524790 0.0015093073 -0.0022455305 -0.0370881185 -0.0035385648 0.1071126610 0.0183016174 0.0042859898 -0.2859312594 -0.0488551445 -0.0114412094 -0.2906649387 -0.9457806449 -0.1020354941 0.0000000000 0.0000000000 0.0797432980
-0.7253930569 -0.0166289229 0.0284714326 0.1117632613 -0.0035748330 0.1885274053 0.0250587243 -0.0119527984 -0.1565848248 -0.1121412511 -0.0209463019 -0.3281728961 -0.9386586931 -0.1059358676 0.9377872874 -0.3372066821 0.0827445298 -0.1133911547 -0.0721907980 0.9909242830 0.0934319706 0.0218822110 -0.1357262934 0.0114573408 0.0015437871 -0.0023264932 -0.0381622054 -0.0037258286 0.1056925058 0.0180589650 0.0042291638 -0.2821402252 -0.0482073948 -0.0112895155 -0.2902712947 -0.9458814036 -0.1021249881 0.0000000000 0.0000000000 0.0782870486
-0.7264266014 -0.0168005954 0.0267632157 0.1117561385 -0.0031273859 0.1877274568 0.0244871937 -0.0120560603 -0.1622594878 -0.1157468916 -0.0204827347 -0.3288068789 -0.9384240947 -0.1060483611 0.9375143220 -0.3378785525 0.0830962080 -0.1138109505 -0.0720992526 0.9908828212 0.0804523414 0.0042725101 -0.1371493279 0.0118654026 0.0015766742 -0.0024076889 -0.0392365530 -0.0039184173 0.1042911783 0.0178195294 0.0041730911 -0.2783994675 -0.0475682355 -0.0111398334 -0.2898968088 -0.9459946655 -0.1021300779 0.0000000000 0.0000000000 0.0768859757
-0.7274111509 -0.0169713143 0.0250675008 0.1117836237 -0.0026724872 0.1868991409 0.0238976924 -0.0121575776 -0.1679317416 -0.1193330806 -0.0202089667 -0.3294567075 -0.9381930361 -0.1060759389 0.9372457600 -0.3385518781 0.0833847177 -0.1141431698 -0.0719475694 0.9908556323 0.0681121004 -0.0128124405 -0.1384033684 0.0122764260 0.0016078621 -0.0024891105 -0.0403106101 -0.0041163294 0.1029084250 0.0175832696 0.0041177622 -0.2747082710 -0.0469375513 -0.0109921359 -0.2895408986 -0.9461200601 -0.1020533682 0.0000000000 0.0000000000 0.0755439696
-0.7283478975 -0.0171392169 0.0233901385 0.1118436307 -0.0022113884 0.1860424797 0.0232903244 -0.0122582705 -0.1735981953 -0.1228975531 -0.0201154120 -0.3301213345 -0.9379655837 -0.1060210750 0.9369815739 -0.3392260797 0.0836133789 -0.1143915854 -0.0717372335 0.9908422349 0.0564093306 -0.0293794357 -0.1394839923 0.0126901772 0.0016372455 -0.0025707546 -0.0413838215 -0.0043195616 0.1015440151 0.0173501410 0.0040631667 -0.2710660398 -0.0463152267 -0.0108463960 -0.2892029405 -0.9462571950 -0.1018974088 0.0000000000 0.0000000000 0.0742641800
-0.7292382717 -0.0173031259 0.0217370708 0.1119343340 -0.0017448646 0.1851575120 0.0226652048 -0.0123590120 -0.1792556736 -0.1264381284 -0.0201927365 -0.3307996749 -0.9377418018 -0.1058862039 0.9367217277 -0.3399005678 0.0837854937 -0.1145599406 -0.0714696938 0.9908421180 0.0453396844 -0.0454355610 -0.1403874089 0.0131064225 0.0016647197 -0.0026526237 -0.0424556173 -0.0045281057 0.1001976877 0.0171201024 0.0040092948 -0.2674721181 -0.0457011536 -0.0107025886 -0.2888822774 -0.9464056590 -0.1016646925 0.0000000000 0.0000000000 0.0730490727
-0.7300837040 -0.0174617898 0.0201133043 0.1120537072 -0.0012741082 0.1842442916 0.0220224596 -0.0124606292 -0.1849012041 -0.1299527026 -0.0204318879 -0.3314906123 -0.9375217538 -0.1056737196 0.9364661803 -0.3405747433 0.0839043344 -0.1146519387 -0.0711463653 0.9908547460 0.0348964983 -0.0609885064 -0.1411103249 0.0135249272 0.0016901807 -0.0027347235 -0.0435254313 -0.0047419518 0.0988692120 0.0168931149 0.0039561377 -0.2639258206 -0.0450952239 -0.0105606876 -0.2885782246 -0.9465650241 -0.1013576555 0.0000000000 0.0000000000 0.0719004640
-0.7308853865 -0.0176142715 0.0185227972 0.1122000217 -0.0008001326 0.1833028866 0.0213622247 -0.0125639048 -0.1905320075 -0.1334392423 -0.0208241049 -0.3321930031 -0.9373055026 -0.1053859736 0.9362148884 -0.3412479974 0.0839731324 -0.1146712315 -0.0707686305 0.9908795636 0.0250710781 -0.0760464201 -0.1416500286 0.0139454622 0.0017135255 -0.0028170636 -0.0445926860 -0.0049610883 0.0975583494 0.0166691374 0.0039036849 -0.2604265511 -0.0444973260 -0.0104206689 -0.2882900763 -0.9467348485 -0.1009786763 0.0000000000 0.0000000000 0.0708195744
-0.7316448689 -0.0177592132 0.0169695709 0.1123714894 -0.0003241897 0.1823333786 0.0206846465 -0.0126695786 -0.1961454928 -0.1368957827 -0.0213608823 -0.3329056825 -0.9370931108 -0.1050252743 0.9359678085 -0.3419197127 0.0839950688 -0.1146214119 -0.0703378401 0.9909160006 0.0158530995 -0.0906177843 -0.1420043564 0.0143677974 0.0017346520 -0.0028996582 -0.0456568040 -0.0051854998 0.0962648690 0.0164481290 0.0038519278 -0.2569736838 -0.0439073592 -0.0102825053 -0.2880171108 -0.9469146782 -0.1005300763 0.0000000000 0.0000000000 0.0698070960
-0.7323632240 -0.0178960674 0.0154568758 0.1125663146 0.0001529455 0.1813358614 0.0199898804 -0.0127783486 -0.2017392437 -0.1403204197 -0.0220340139 -0.3336274686 -0.9368846413 -0.1045938865 0.9357248991 -0.3425892639 0.0839732663 -0.1145060061 -0.0698553157 0.9909634753 0.0072306332 -0.1047111022 -0.1421717434 0.0147917047 0.0017534589 -0.0029825238 -0.0467171855 -0.0054151663 0.0949885398 0.0162300505 0.0038008569 -0.2535665929 -0.0433252119 -0.0101461746 -0.2877585957 -0.9471040494 -0.1000141199 0.0000000000 0.0000000000 0.0688632233
-0.7330422401 -0.0180236101 0.0139875226 0.1127829775 0.0006300806 0.1803104405 0.0192780917 -0.0128908726 -0.2073110163 -0.1437113097 -0.0228355363 -0.3343571676 -0.9366801573 -0.1040940319 0.9354861229 -0.3432560191 0.0839107815 -0.1143284670 -0.0693223511 0.9910213990 -0.0008095584 -0.1183352871 -0.1421510848 0.0152169578 0.0017698462 -0.0030656820 -0.0477732383 -0.0056500668 0.0937291309 0.0160148628 0.0037504630 -0.2502046525 -0.0427507833 -0.0100116506 -0.2875137927 -0.9473024902 -0.0994330164 0.0000000000 0.0000000000 0.0679877083
-0.7336838245 -0.0181414392 0.0125640426 0.1130198464 0.0011063213 0.1792572322 0.0185494545 -0.0130077694 -0.2128587212 -0.1470666599 -0.0237578142 -0.3350935777 -0.9364797224 -0.1035278884 0.9352514481 -0.3439193400 0.0838105986 -0.1140921692 -0.0687402142 0.9910891786 -0.0082818938 -0.1314990839 -0.1419418178 0.0156433322 0.0017837147 -0.0031491558 -0.0488243625 -0.0058901776 0.0924864188 0.0158025306 0.0037007374 -0.2468873113 -0.0421839692 -0.0098789111 -0.2872819610 -0.9475095223 -0.0987889200 0.0000000000 0.0000000000 0.0671799026
-0.7342881560 -0.0182485282 0.0111886514 0.1132754087 0.0015806543 0.1781763627 0.0178041517 -0.0131296210 -0.2183804102 -0.1503847215 -0.0247935833 -0.3358354930 -0.9362834012 -0.1028975910 0.9350208499 -0.3445785836 0.0836756238 -0.1138004038 -0.0681101487 0.9911662200 -0.0152017889 -0.1442115212 -0.1415438534 0.0160706062 0.0017949664 -0.0032329718 -0.0498699471 -0.0061354712 0.0912601799 0.0155930119 0.0036516711 -0.2436139435 -0.0416246690 -0.0097479308 -0.2870623619 -0.9477246625 -0.0980839322 0.0000000000 0.0000000000 0.0664388005
-0.7348573208 -0.0183444303 0.0098626250 0.1135481969 0.0020521851 0.1770679674 0.0170423749 -0.0132569734 -0.2238742967 -0.1536638038 -0.0259357042 -0.3365817077 -0.9360912587 -0.1022052323 0.9347943116 -0.3452331028 0.0835086800 -0.1134563748 -0.0674333756 0.9912519311 -0.0215855901 -0.1564814633 -0.1409575799 0.0164985582 0.0018035044 -0.0033171598 -0.0509093814 -0.0063859164 0.0900502056 0.0153862713 0.0036032551 -0.2403839827 -0.0410727896 -0.0096186874 -0.2868542615 -0.9479474239 -0.0973201023 0.0000000000 0.0000000000 0.0657630736
-0.7353923321 -0.0184289813 0.0085876407 0.1138368696 0.0025198406 0.1759321905 0.0162643239 -0.0133903377 -0.2293387233 -0.1569022564 -0.0271773746 -0.3373310190 -0.9359033605 -0.1014528631 0.9345718257 -0.3458822480 0.0833125029 -0.1130631958 -0.0667110960 0.9913457235 -0.0274502376 -0.1683176660 -0.1401838272 0.0169269685 0.0018092329 -0.0034017516 -0.0519420505 -0.0066414801 0.0888562724 0.0151822716 0.0035554813 -0.2371968329 -0.0405282229 -0.0094911577 -0.2866569339 -0.9481773178 -0.0964994299 0.0000000000 0.0000000000 0.0651511293
-0.7358944416 -0.0185011216 0.0073650936 0.1141398251 0.0029829652 0.1747691838 0.0154702067 -0.0135301919 -0.2347721647 -0.1600984728 -0.0285120427 -0.3380822312 -0.9357197730 -0.1006424933 0.9343533940 -0.3465253678 0.0830897379 -0.1126238877 -0.0659444913 0.9914470152 -0.0328132725 -0.1797291917 -0.1392239042 0.0173556209 0.0018120576 -0.0034867816 -0.0529673249 -0.0069021247 0.0876781642 0.0149809765 0.0035083408 -0.2340519577 -0.0399908796 -0.0093653193 -0.2864696638 -0.9484138542 -0.0956238658 0.0000000000 0.0000000000 0.0646011316
-0.7363650799 -0.0185609292 0.0061952127 0.1144558862 0.0034406050 0.1735791065 0.0146602392 -0.0136769821 -0.2401732205 -0.1632508875 -0.0299334020 -0.3388341582 -0.9355405629 -0.0997760916 0.9341390287 -0.3471618108 0.0828429367 -0.1121413762 -0.0651347246 0.9915552326 -0.0376928647 -0.1907247033 -0.1380794752 0.0177842975 0.0018118850 -0.0035722870 -0.0539845973 -0.0071678115 0.0865156800 0.0147823505 0.0034618252 -0.2309487611 -0.0394606590 -0.0092411488 -0.2862917489 -0.9486565435 -0.0946953133 0.0000000000 0.0000000000 0.0641110257
-0.7368048429 -0.0186079722 0.0050790915 0.1147838756 0.0038919849 0.1723621244 0.0138346450 -0.0138311234 -0.2455406050 -0.1663579725 -0.0314354252 -0.3395856268 -0.9353657973 -0.0988555878 0.9339287524 -0.3477909261 0.0825745548 -0.1116184907 -0.0642829439 0.9916698118 -0.0421073700 -0.2013128329 -0.1367526121 0.0182127878 0.0018086233 -0.0036583061 -0.0549932383 -0.0074384976 0.0853686109 0.0145863583 0.0034159266 -0.2278867215 -0.0389374681 -0.0091186250 -0.2861225017 -0.9489048975 -0.0937156309 0.0000000000 0.0000000000 0.0636786009
-0.7372156382 -0.0186423063 0.0040167952 0.1151225269 0.0043364493 0.1711184095 0.0129936553 -0.0139930016 -0.2508731524 -0.1694182420 -0.0330122488 -0.3403354786 -0.9351955438 -0.0978828729 0.9337225984 -0.3484120649 0.0822869503 -0.1110579631 -0.0633902818 0.9917902001 -0.0460755248 -0.2115021768 -0.1352457548 0.0186408777 0.0018021818 -0.0037448802 -0.0559926219 -0.0077141365 0.0842367485 0.0143929645 0.0033706364 -0.2248652726 -0.0384212136 -0.0089977253 -0.2859612514 -0.9491584298 -0.0926866331 0.0000000000 0.0000000000 0.0633014929
-0.7375977039 -0.0186632797 0.0030085354 0.1154706851 0.0047732228 0.1698481392 0.0121375084 -0.0141629738 -0.2561697933 -0.1724302410 -0.0346583318 -0.3410825733 -0.9350298698 -0.0968597991 0.9335206106 -0.3490245817 0.0819823823 -0.1104624272 -0.0624578569 0.9919158575 -0.0496161708 -0.2213013630 -0.1335616537 0.0190683603 0.0017924712 -0.0038320515 -0.0569821298 -0.0079946788 0.0831198916 0.0142021347 0.0033259466 -0.2218838930 -0.0379118025 -0.0088784285 -0.2858073451 -0.9494166574 -0.0916100918 0.0000000000 0.0000000000 0.0629772287
-0.7379530072 -0.0186713990 0.0020546438 0.1158272028 0.0052016503 0.1685514959 0.0112664501 -0.0143413702 -0.2614295695 -0.1753925555 -0.0363682614 -0.3418257902 -0.9348688429 -0.0957881818 0.9333228432 -0.3496278351 0.0816630101 -0.1098344184 -0.0614867752 0.9920462575 -0.0527482894 -0.2307185368 -0.1317033908 0.0194950253 0.0017794035 -0.0039198645 -0.0579611436 -0.0082800733 0.0820178390 0.0140138352 0.0032818494 -0.2189420313 -0.0374091491 -0.0087607130 -0.2856601496 -0.9496791015 -0.0904877380 0.0000000000 0.0000000000 0.0627032449
-0.7382815480 -0.0186659545 0.0011544819 0.1161910146 0.0056210761 0.1672286666 0.0103807328 -0.0145284945 -0.2666516073 -0.1783037997 -0.0381369408 -0.3425640303 -0.9347125302 -0.0946697997 0.9331293611 -0.3502211894 0.0813308924 -0.1091763741 -0.0604781314 0.9921808882 -0.0554909460 -0.2397622308 -0.1296743455 0.0199206676 0.0017628921 -0.0040083649 -0.0589290410 -0.0085702650 0.0809304044 0.0138280327 0.0032383369 -0.2160391808 -0.0369131565 -0.0086445594 -0.2855190516 -0.9499452878 -0.0893212637 0.0000000000 0.0000000000 0.0624769053
-0.7385849953 -0.0186472442 0.0003080368 0.1165612042 0.0060310229 0.1658798424 0.0094806161 -0.0147246254 -0.2718351361 -0.1811626281 -0.0399593675 -0.3432962187 -0.9345609987 -0.0935063952 0.9329402386 -0.3508040153 0.0809879872 -0.1084906331 -0.0594330089 0.9923192531 -0.0578631201 -0.2484403083 -0.1274781803 0.0203450825 0.0017428523 -0.0040976000 -0.0598852187 -0.0088651944 0.0798573866 0.0136446925 0.0031954013 -0.2131748199 -0.0364237428 -0.0085299443 -0.2853834594 -0.9502147478 -0.0881123222 0.0000000000 0.0000000000 0.0622955381
-0.7388639450 -0.0186154861 -0.0004852116 0.1169366762 0.0064309547 0.1645052179 0.0085663659 -0.0149300173 -0.2769794637 -0.1839677241 -0.0418308018 -0.3440213053 -0.9344143145 -0.0922996771 0.9327555598 -0.3513756916 0.0806361521 -0.1077794376 -0.0583524827 0.9924608711 -0.0598837484 -0.2567606619 -0.1251187797 0.0207680687 0.0017192003 -0.0041876179 -0.0608290583 -0.0091647999 0.0787985921 0.0134637840 0.0031530350 -0.2103484273 -0.0359408185 -0.0084168501 -0.2852528027 -0.9504870189 -0.0868625318 0.0000000000 0.0000000000 0.0621564429
-0.7388377190 -0.0186069664 -0.0008456407 0.1168633401 0.0068203942 0.1631049909 0.0076382547 -0.0151449015 -0.2820839816 -0.1867178049 -0.0437466714 -0.3447382667 -0.9342725431 -0.0910513193 0.9325754177 -0.3519356054 0.0802771445 -0.1070449332 -0.0572376185 0.9926052777 -0.0615716027 -0.2647312639 -0.1226002500 0.0211894251 0.0016918541 -0.0042784694 -0.0617599785 -0.0094690192 0.0777538419 0.0132852737 0.0031112302 -0.2075595260 -0.0354642943 -0.0083052553 -0.2851265334 -0.9507616457 -0.0855734752 0.0000000000 0.0000000000 0.0620569148
-0.7381578684 -0.0186503511 -0.0002796352 0.1157057136 0.0071989843 0.1616793512 0.0066965556 -0.0153693853 -0.2871525245 -0.1894139377 -0.0456619185 -0.3454461557 -0.9341357744 -0.0897625123 0.9323999386 -0.3524831404 0.0799123906 -0.1062887951 -0.0560891329 0.9927520845 -0.0630388545 -0.2725409286 -0.1199268642 0.0216089562 0.0016607333 -0.0043702042 -0.0626773462 -0.0097777834 0.0767229348 0.0131091308 0.0030699798 -0.2048075795 -0.0349940881 -0.0081951395 -0.2850042044 -0.9510382336 -0.0842462732 0.0000000000 0.0000000000 0.0619854376
-0.7376137972 -0.0186082479 0.0002081990 0.1145439148 0.0075654732 0.1602284507 0.0057415268 -0.0156031741 -0.2921953342 -0.1920604360 -0.0474710274 -0.3461442294 -0.9340041883 -0.0884327358 0.9322293504 -0.3530176420 0.0795423324 -0.1055111874 -0.0549064726 0.9929011374 -0.0645439771 -0.2806464468 -0.1171028502 0.0220264643 0.0016257586 -0.0044628726 -0.0635804832 -0.0100910217 0.0757056996 0.0129353227 0.0030292764 -0.2020921260 -0.0345301181 -0.0080864839 -0.2848856771 -0.9513165865 -0.0828804209 0.0000000000 0.0000000000 0.0619176069
-0.7372177839 -0.0184834339 0.0006020814 0.1133815125 0.0079165231 0.1587524140 0.0047734180 -0.0158456680 -0.2972116441 -0.1946556401 -0.0491698727 -0.3468318975 -0.9338780218 -0.0870601821 0.9320639630 -0.3535384301 0.0791665798 -0.1047110490 -0.0536881633 0.9930524545 -0.0661306005 -0.2890550550 -0.1141325849 0.0224417541 0.0015868526 -0.0045565218 -0.0644686371 -0.0104086613 0.0747019574 0.0127638187 0.0029891126 -0.1994126886 -0.0340722986 -0.0079792691 -0.2847710378 -0.9515966375 -0.0814741954 0.0000000000 0.0000000000 0.0618504905
