# Actions and States
# action[0], ..., state[0], ..., command[0], ...
-0.1683315486 0.0153310280 -0.0093227755 0.0091359010 -0.0085882256 -0.2673807376 -0.3820527472 0.4931095122 0.0000000000 0.0000000000 0.0000000000 -0.9696959879 -0.2443147379 0.0000000000 0.2443147379 -0.9696959879 0.0000000000 0.0000000000 0.0000000000 1.0000000000 0.0000000000 0.0000000000 0.0000000000 -0.0000000446 0.0000000001 -0.0000000084 -0.0000044672 -0.0000000112 -0.2673094869 -0.3820529282 0.4931228459 0.0142333200 -0.0000559212 0.0026638201 -0.9696916332 -0.2443320209 0.0000000000 0.0000000000 0.0000000000 0.0035585629
-0.1224290356 0.0149904657 -0.0070252605 0.0083535602 -0.0080105178 -0.2673807387 -0.3820527480 0.4933138370 -0.0000007599 -0.0000004961 0.0817299566 -0.9696976157 -0.2443082752 -0.0000283668 0.2443082755 -0.9696976160 -0.0000097688 -0.0000251206 -0.0000164031 0.9999999995 -0.0039074882 0.0113442180 -0.0026657824 -0.0000002674 0.0000000006 0.0000004607 -0.0000244875 -0.0000000836 -0.2672206163 -0.3820533752 0.4931395054 0.0213073548 -0.0001256075 0.0039956896 -0.9696862036 -0.2443535653 -0.0000283672 0.0000000000 0.0000000000 0.0053275101
-0.0589280911 0.0145989489 -0.0030371007 0.0071902825 -0.0073613124 -0.2673807633 -0.3820527641 0.4940456660 -0.0000093722 -0.0000061913 0.1905691310 -0.9697031985 -0.2442860862 -0.0001224283 0.2442860930 -0.9697032035 -0.0000441402 -0.0001079363 -0.0000727104 0.9999999915 -0.0088634824 0.0234456614 -0.0058189893 -0.0000008458 0.0000000026 0.0000032036 -0.0000695812 -0.0000003187 -0.2670964599 -0.3820542395 0.4931628108 0.0283521842 -0.0002229196 0.0053275102 -0.9696786043 -0.2443836622 -0.0001224327 0.0000000000 0.0000000000 0.0070888092
0.0128114326 0.0145961484 0.0003824085 0.0058600977 -0.0067350180 -0.2673808804 -0.3820528431 0.4953531280 -0.0000357042 -0.0000243544 0.3103139860 -0.9697124362 -0.2442493000 -0.0002655587 0.2442493340 -0.9697124584 -0.0001038481 -0.0002321508 -0.0001655653 0.9999999593 -0.0140219132 0.0314917948 -0.0087264942 -0.0000019572 0.0000000076 0.0000109447 -0.0001385340 -0.0000008390 -0.2669371367 -0.3820556402 0.4931927621 0.0353672169 -0.0003477141 0.0066592656 -0.9696688186 -0.2444222599 -0.0002655772 0.0000000000 0.0000000000 0.0088416832
0.0933486819 0.0149833150 0.0033442997 0.0043369560 -0.0061319335 -0.2673812051 -0.3820530715 0.4972969469 -0.0000884004 -0.0000632092 0.4428027972 -0.9697250151 -0.2441991073 -0.0004371074 0.2441992068 -0.9697250699 -0.0001902355 -0.0003774186 -0.0002912174 0.9999998864 -0.0194848634 0.0356987968 -0.0113900171 -0.0000037784 0.0000000175 0.0000266806 -0.0002300644 -0.0000017603 -0.2667428255 -0.3820577562 0.4932293892 0.0423518680 -0.0004998477 0.0079909405 -0.9696568348 -0.2444693039 -0.0004371603 0.0000000000 0.0000000000 0.0105856643
0.1824648231 0.0157190803 0.0060811038 0.0025949420 -0.0055513745 -0.2673818906 -0.3820535806 0.4999455397 -0.0001742680 -0.0001321857 0.5896148081 -0.9697406395 -0.2441366583 -0.0006198124 0.2441368772 -0.9697407345 -0.0003051290 -0.0005265642 -0.0004472151 0.9999997614 -0.0253533649 0.0366963695 -0.0138185510 -0.0000064861 0.0000000344 0.0000537305 -0.0003429340 -0.0000031925 -0.2665136755 -0.3820607066 0.4932726622 0.0493055619 -0.0006791771 0.0093225185 -0.9696426566 -0.2445247429 -0.0006199344 0.0000000000 0.0000000000 0.0123205256
0.2790564001 0.0167789292 0.0087605705 0.0006083547 -0.0049924920 -0.2673831176 -0.3820545534 0.5033752414 -0.0002979830 -0.0002423045 0.7523177601 -0.9697590329 -0.2440630655 -0.0007989139 0.2440634679 -0.9697591558 -0.0004508825 -0.0006647103 -0.0006322331 0.9999995792 -0.0317357374 0.0348800809 -0.0160207746 -0.0000102571 0.0000000602 0.0000957753 -0.0004759482 -0.0000052391 -0.2662498355 -0.3820646107 0.4933226109 0.0562277213 -0.0008855590 0.0106539819 -0.9696263056 -0.2445885325 -0.0007991579 0.0000000000 0.0000000000 0.0140462492
0.3950439095 0.0184573215 0.0124260494 -0.0023844049 -0.0044547063 -0.2673850823 -0.3820562333 0.5076697849 -0.0004613911 -0.0004064502 0.9323109306 -0.9697799364 -0.2439794077 -0.0009609913 0.2439800594 -0.9697800437 -0.0006304098 -0.0007781431 -0.0008458215 0.9999993395 -0.0387468642 0.0304429044 -0.0180049159 -0.0000152684 0.0000000965 0.0001568960 -0.0006279548 -0.0000079978 -0.2659514546 -0.3820695877 0.4933792055 0.0631177798 -0.0011188502 0.0119853150 -0.9696078194 -0.2446606380 -0.0009614335 0.0000000000 0.0000000000 0.0157630547
0.5275488496 0.0209222082 0.0173775498 -0.0067256717 -0.0039373469 -0.2673879824 -0.3820589390 0.5129240334 -0.0006639675 -0.0006414202 1.1326873566 -0.9698031084 -0.2438867358 -0.0010913157 0.2438876905 -0.9698031120 -0.0008476217 -0.0008516377 -0.0010881847 0.9999990453 -0.0466703720 0.0227066238 -0.0197787665 -0.0000216972 0.0000001441 0.0002416197 -0.0007978432 -0.0000115606 -0.2656187117 -0.3820758164 0.4934424758 0.0699751601 -0.0013789077 0.0133165028 -0.9695872516 -0.2447410395 -0.0010920615 0.0000000000 0.0000000000 0.0174713835
0.6509253979 0.0238794349 0.0223310571 -0.0116252732 -0.0034396700 -0.2673919984 -0.3820630853 0.5192494360 -0.0008995108 -0.0009679397 1.3565548519 -0.9698283230 -0.2437860835 -0.0011701769 0.2437873584 -0.9698280753 -0.0011082367 -0.0008646978 -0.0013600737 0.9999987012 -0.0559048073 0.0105653555 -0.0213494936 -0.0000297208 0.0000002025 0.0003549892 -0.0009845431 -0.0000160141 -0.2652517557 -0.3820834458 0.4935123920 0.0767993107 -0.0016655884 0.0146475295 -0.9695646721 -0.2448297418 -0.0011713684 0.0000000000 0.0000000000 0.0191722723
0.7520229220 0.0244639944 0.0254729260 -0.0170892533 -0.0029608558 -0.2673972440 -0.3820691901 0.5267631317 -0.0011489871 -0.0014056872 1.6031862558 -0.9698553604 -0.2436784770 -0.0011746691 0.2436800168 -0.9698546459 -0.0014195895 -0.0007933349 -0.0016630399 0.9999983025 -0.0666815376 -0.0060981762 -0.0227234227 -0.0000395165 0.0000002700 0.0005026185 -0.0011870264 -0.0000214396 -0.2648507655 -0.3820925355 0.4935889542 0.0835896656 -0.0019787492 0.0159783754 -0.9695401500 -0.2449267833 -0.0011764950 0.0000000000 0.0000000000 0.0208680958
0.7991366386 0.0084912600 -0.0111033078 -0.0165501032 -0.0025002793 -0.2674036948 -0.3820778606 0.5355691788 -0.0013792311 -0.0019712065 1.8690090106 -0.9698839856 -0.2435649347 -0.0010849569 0.2435665698 -0.9698825347 -0.0017874378 -0.0006169236 -0.0019978665 0.9999978140 -0.0781861928 -0.0261988829 -0.0239060390 -0.0000512608 0.0000003423 0.0006906745 -0.0014043123 -0.0000279133 -0.2644159198 -0.3821032643 0.4936721623 0.0903456733 -0.0023182472 0.0173090287 -0.9695137115 -0.2450322369 -0.0010876599 0.0000000000 0.0000000000 0.0225637013
0.8381659985 -0.0086822044 -0.0439756587 -0.0153292781 -0.0020572254 -0.2674111296 -0.3820897537 0.5457398527 -0.0015496515 -0.0026682967 2.1453607434 -0.9699139021 -0.2434462932 -0.0009616815 0.2434478665 -0.9699115016 -0.0021943827 -0.0003985317 -0.0023624816 0.9999971299 -0.0822205560 -0.0188729753 -0.0249049882 -0.0000651288 0.0000004128 0.0009257644 -0.0016354861 -0.0000355066 -0.2639473677 -0.3821157515 0.4937620461 0.0970667899 -0.0026839396 0.0186394695 -0.9694852029 -0.2451460316 -0.0009655263 0.0000000000 0.0000000000 0.0242650320
0.8713419437 -0.0262009203 -0.0675821230 -0.0141946971 -0.0016307258 -0.2674192361 -0.3821055498 0.5573150430 -0.0016645372 -0.0035059943 2.4291024173 -0.9699448304 -0.2433230000 -0.0009714157 0.2433247399 -0.9699414147 -0.0025928921 -0.0003113061 -0.0027513318 0.9999961666 -0.0767071591 0.0200164624 -0.0257359321 -0.0000812936 0.0000004720 0.0012147757 -0.0018796747 -0.0000442866 -0.2634453177 -0.3821301460 0.4938585460 0.1037524715 -0.0030756835 0.0199696850 -0.9694544000 -0.2452677287 -0.0009766137 0.0000000000 0.0000000000 0.0259586977
0.8990068436 -0.0434627198 -0.0843166783 -0.0131548503 -0.0012223901 -0.2674279019 -0.3821259805 0.5703281009 -0.0017859804 -0.0044932795 2.7190885474 -0.9699765322 -0.2431953351 -0.0012473547 0.2431980287 -0.9699722135 -0.0029366409 -0.0004957221 -0.0031518269 0.9999949101 -0.0622215527 0.0814966741 -0.0264114624 -0.0000999261 0.0000005079 0.0015647786 -0.0021360184 -0.0000543158 -0.2629099190 -0.3821465671 0.4939617217 0.1104021743 -0.0034933360 0.0212996565 -0.9694211148 -0.2453967341 -0.0012540179 0.0000000000 0.0000000000 0.0276383752
0.9182853699 -0.0638964400 -0.0921026692 -0.0136474241 -0.0008336043 -0.2674374667 -0.3821518056 0.5848071799 -0.0020214869 -0.0056331261 3.0143045493 -0.9700085542 -0.2430635292 -0.0018776218 0.2430685237 -0.9700038974 -0.0031830436 -0.0010476186 -0.0035439702 0.9999931714 -0.0395081507 0.1576554606 -0.0269363232 -0.0001211969 0.0000005052 0.0019829967 -0.0024037187 -0.0000656528 -0.2623413503 -0.3821651340 0.4940715432 0.1170153618 -0.0039367550 0.0226293672 -0.9693847140 -0.2455324099 -0.0018857179 0.0000000000 0.0000000000 0.0293185162
0.9274421334 -0.0944851488 -0.0856471062 -0.0197213050 -0.0004637874 -0.2674489078 -0.3821837702 0.6007743771 -0.0025097465 -0.0069178720 3.3133299428 -0.9700399916 -0.2429278955 -0.0029072647 0.2429368879 -0.9700365135 -0.0032910552 -0.0020206638 -0.0038987370 0.9999903583 -0.0084343811 0.2386216842 -0.0273063634 -0.0001452791 0.0000004455 0.0024767788 -0.0026821147 -0.0000783524 -0.2617398202 -0.3821859658 0.4941880107 0.1235915050 -0.0044057975 0.0239588041 -0.9693436744 -0.2456742314 -0.0029165650 0.0000000000 0.0000000000 0.0310392163
0.9319679141 -0.1202456132 -0.0788003430 -0.0305125732 -0.0001093633 -0.2674639393 -0.3822225358 0.6182435327 -0.0034006869 -0.0083238525 3.6143870107 -0.9700695046 -0.2427891010 -0.0043137703 0.2428035544 -0.9700701556 -0.0032136033 -0.0034044320 -0.0041648173 0.9999855320 0.0330602112 0.3078679357 -0.0275079409 -0.0001723517 0.0000003075 0.0030535629 -0.0029707821 -0.0000924667 -0.2611055076 -0.3822092116 0.4943111539 0.1301300824 -0.0049003209 0.0252879467 -0.9692956555 -0.2458221749 -0.0043237681 0.0000000000 0.0000000000 0.0328720182
0.9320228100 -0.1226545423 -0.0575177372 -0.0365555063 0.0002368055 -0.2674849927 -0.3822685849 0.6372212784 -0.0048308123 -0.0098069799 3.9164332441 -0.9700956259 -0.2426483198 -0.0060224204 0.2426686423 -0.9701049021 -0.0028998205 -0.0051387429 -0.0042745558 0.9999776605 0.0840029047 0.3625397259 -0.0275206260 -0.0002026027 0.0000000676 0.0037208390 -0.0032695991 -0.0001080463 -0.2604385912 -0.3822350204 0.4944409132 0.1366305649 -0.0054201828 0.0266167819 -0.9692381182 -0.2459770165 -0.0060322428 0.0000000000 0.0000000000 0.0348956676
