# Actions and States
# action[0], ..., state[0], ..., command[0], ...
-0.8798566461 0.0587407835 -0.1039836854 0.1364266127 0.1008333266 -0.2433826225 0.0488998821 -0.1047367337 0.0000000000 0.0000000000 0.0000000000 -0.9645300395 0.2639731103 0.0000000000 -0.2639731103 -0.9645300395 0.0000000000 0.0000000000 0.0000000000 1.0000000000 0.0000000000 0.0000000000 0.0000000000 -0.0000000446 0.0000000001 -0.0000000038 -0.0000044563 -0.0000000111 -0.2433113605 0.0488996953 -0.1047306955 0.0142333200 -0.0000559212 0.0012069166 -0.9645347413 0.2639559298 0.0000000000 0.0000000000 0.0000000000 0.0035585629
-0.8678156734 0.0696794838 -0.0891771317 0.1320776790 0.0927915722 -0.2433826233 0.0488998821 -0.1047861340 -0.0000004815 0.0000000188 -0.0197601233 -0.9645484288 0.2639058909 -0.0000963622 -0.2639058900 -0.9645484336 -0.0000223751 -0.0000988509 0.0000038487 0.9999999951 -0.0089516553 0.0385360238 0.0278761275 -0.0000002674 0.0000000006 -0.0000001461 0.0000518794 0.0000001074 -0.2432224900 0.0488992520 -0.1047231555 0.0213073548 -0.0001256075 0.0018103567 -0.9645405962 0.2639344991 -0.0000963615 0.0000000000 0.0000000000 0.0053267582
-0.8510989547 0.0802201703 -0.0692106858 0.1264234632 0.0827762261 -0.2433826389 0.0488998825 -0.1049570343 -0.0000060335 0.0000001142 -0.0436599613 -0.9646120993 0.2636727238 -0.0004387776 -0.2636726937 -0.9646121991 -0.0001261643 -0.0004565163 -0.0000060059 0.9999998958 -0.0303524609 0.0887910298 0.0618456831 -0.0000008459 0.0000000026 -0.0000008694 0.0002714183 0.0000009157 -0.2430983335 0.0488983914 -0.1047125906 0.0283521842 -0.0002229196 0.0024137746 -0.9645485992 0.2639045562 -0.0004387472 0.0000000000 0.0000000000 0.0070765670
-0.8326643705 0.0859311074 -0.0472851507 0.1204764545 0.0731349513 -0.2433827177 0.0488998814 -0.1052429881 -0.0000245369 -0.0000007143 -0.0659815858 -0.9647189195 0.2632799585 -0.0010342899 -0.2632797057 -0.9647194697 -0.0003758877 -0.0010967633 -0.0000903184 0.9999993945 -0.0648663873 0.1392186517 0.0942744141 -0.0000019572 0.0000000079 -0.0000027801 0.0006477374 0.0000032134 -0.2429390252 0.0488969795 -0.1046990156 0.0353672169 -0.0003477141 0.0030171629 -0.9645581788 0.2638662181 -0.0010340607 0.0000000000 0.0000000000 0.0087782373
-0.8149985671 0.0862330124 -0.0307509471 0.1159412265 0.0644220188 -0.2433829573 0.0488998657 -0.1056321239 -0.0000675052 -0.0000056109 -0.0852773068 -0.9648650157 0.2627396961 -0.0018312813 -0.2627386177 -0.9648667066 -0.0008107582 -0.0019799607 -0.0003011239 0.9999979945 -0.1019731915 0.1693831907 0.1233586764 -0.0000037779 0.0000000189 -0.0000064388 0.0011686604 0.0000077539 -0.2427447140 0.0488948710 -0.1046824232 0.0423518680 -0.0004998477 0.0036205149 -0.9645685121 0.2638197963 -0.0018303690 0.0000000000 0.0000000000 0.0104071621
-0.7990037799 0.0823307857 -0.0199304353 0.1128829718 0.0566770360 -0.2433835151 0.0488997995 -0.1061079627 -0.0001463063 -0.0000200028 -0.1013331742 -0.9650451741 0.2620694958 -0.0027186990 -0.2620664527 -0.9650487746 -0.0014272693 -0.0029977209 -0.0006648995 0.9999952858 -0.1378477321 0.1802533539 0.1489640268 -0.0000064846 0.0000000384 -0.0000123352 0.0018164489 0.0000152153 -0.2425155491 0.0488919355 -0.1046628132 0.0493055619 -0.0006791771 0.0042238226 -0.9645791167 0.2637657529 -0.0027161741 0.0000000000 0.0000000000 0.0119608992
-0.7846968770 0.0757915750 -0.0128331585 0.1108203828 0.0497899763 -0.2433845978 0.0488996143 -0.1066550531 -0.0002697880 -0.0000511410 -0.1144202630 -0.9652548670 0.2612851307 -0.0036224565 -0.2612784565 -0.9652609281 -0.0022155944 -0.0040755176 -0.0011921434 0.9999909844 -0.1714054617 0.1792007091 0.1714668448 -0.0000102540 0.0000000699 -0.0000208791 0.0025751817 0.0000261915 -0.2422517091 0.0488880351 -0.1046401858 0.0562277213 -0.0008855590 0.0048270789 -0.9645899305 0.2637045739 -0.0036168622 0.0000000000 0.0000000000 0.0134498992
-0.7719951868 0.0677712560 -0.0080003822 0.1093942747 0.0436642729 -0.2433864490 0.0488992014 -0.1072594688 -0.0004443306 -0.0001074817 -0.1248449296 -0.9654901798 0.2604005796 -0.0045000918 -0.2603881771 -0.9654988350 -0.0031617897 -0.0051681652 -0.0018809062 0.9999848760 -0.2019606354 0.1715012909 0.1912145947 -0.0000152630 0.0000001170 -0.0000324071 0.0034306853 0.0000412010 -0.2419533283 0.0488830321 -0.1046145409 0.0631177798 -0.0011188502 0.0054302756 -0.9646011600 0.2636366664 -0.0044894102 0.0000000000 0.0000000000 0.0148907906
-0.7608101368 0.0590233766 -0.0045323060 0.1083770767 0.0382174887 -0.2433893375 0.0488984077 -0.1079087887 -0.0006741914 -0.0001980481 -0.1329021362 -0.9657476916 0.2594282116 -0.0053290899 -0.2594076821 -0.9657585601 -0.0042494898 -0.0062490517 -0.0027215281 0.9999767710 -0.2291289046 0.1603780773 0.2085164176 -0.0000216893 0.0000001834 -0.0000471896 0.0043703178 0.0000606951 -0.2416205853 0.0488767996 -0.1045858786 0.0699751601 -0.0013789077 0.0060334071 -0.9646131338 0.2635623127 -0.0053107485 0.0000000000 0.0000000000 0.0163014410
-0.7510522604 0.0500332266 -0.0018938162 0.1076285169 0.0333774053 -0.2433935480 0.0488970350 -0.1085920191 -0.0009618607 -0.0003318720 -0.1388709710 -0.9660243875 0.2583789623 -0.0060987444 -0.2583477388 -0.9660365531 -0.0054611206 -0.0073026487 -0.0036999788 0.9999664902 -0.2527340398 0.1477178000 0.2236476734 -0.0000297108 0.0000002724 -0.0000654386 0.0053827944 0.0000850651 -0.2412536293 0.0488692001 -0.1045542061 0.0767993107 -0.0016655884 0.0066364645 -0.9646262125 0.2634816623 -0.0060696532 0.0000000000 0.0000000000 0.0176983710
-0.7426255345 0.0411142595 0.0002270639 0.1070617810 0.0290802959 -0.2433993732 0.0488948410 -0.1092995134 -0.0013083740 -0.0005175449 -0.1430143022 -0.9663175972 0.2572624952 -0.0068051329 -0.2572179628 -0.9663296377 -0.0067787107 -0.0083199096 -0.0047999850 0.9999538686 -0.2727394448 0.1345935899 0.2368539109 -0.0000395062 0.0000003871 -0.0000873144 0.0064580389 0.0001146490 -0.2408526540 0.0488600992 -0.1045195162 0.0835896656 -0.0019787492 0.0072394414 -0.9646407420 0.2633947461 -0.0067617449 0.0000000000 0.0000000000 0.0190956386
-0.7354260683 0.0324708112 0.0020103129 0.1066219285 0.0252690744 -0.2434071073 0.0488915425 -0.1100228879 -0.0017135836 -0.0007628831 -0.1455777890 -0.9666249518 0.2560873453 -0.0074480980 -0.2560269436 -0.9666349979 -0.0081844334 -0.0092955220 -0.0060043638 0.9999387686 -0.2892026432 0.1215930801 0.2483542844 -0.0000512550 0.0000005298 -0.0001129323 0.0075870599 0.0001497368 -0.2404177934 0.0488493703 -0.1044818088 0.0903456733 -0.0023182472 0.0078423303 -0.9646570347 0.2633014970 -0.0073864850 0.0000000000 0.0000000000 0.0205045268
-0.7293436527 0.0242362823 0.0035584120 0.1062738076 0.0218926258 -0.2434170407 0.0488868205 -0.1107549322 -0.0021763927 -0.0010747019 -0.1467884962 -0.9669443494 0.2548610464 -0.0080294578 -0.2547823544 -0.9669501629 -0.0096609735 -0.0102262913 -0.0072958595 0.9999210936 -0.3022452095 0.1090169142 0.2583443835 -0.0000651370 0.0000007020 -0.0001423685 0.0087618409 0.0001905760 -0.2399492562 0.0488368757 -0.1044410914 0.0970667899 -0.0026839396 0.0084451232 -0.9646753642 0.2632017725 -0.0079453951 0.0000000000 0.0000000000 0.0219336297
-0.7242653370 0.0164950434 0.0049285786 0.1059940755 0.0189047586 -0.2434294564 0.0488803250 -0.1114895122 -0.0026949561 -0.0014586871 -0.1468536847 -0.9672739283 0.2535902438 -0.0085519536 -0.2534910474 -0.9672729879 -0.0111917758 -0.0111101989 -0.0086576693 0.9999007992 -0.3120324057 0.0969978172 0.2669987485 -0.0000813327 0.0000009042 -0.0001756660 0.0099752434 0.0002373761 -0.2394471914 0.0488224849 -0.1043973565 0.1037524715 -0.0030756835 0.0090478128 -0.9646959668 0.2630953747 -0.0084410087 0.0000000000 0.0000000000 0.0233891166
-0.7200769782 0.0092989206 0.0061516580 0.1057663783 0.0162638985 -0.2434446259 0.0488716810 -0.1122214689 -0.0032668525 -0.0019193453 -0.1459601795 -0.9676120426 0.2522807941 -0.0090186423 -0.2521591390 -0.9676016329 -0.0127612132 -0.0119458620 -0.0100737705 0.9998779003 -0.3187584332 0.0855725643 0.2744730063 -0.0001000231 0.0000011358 -0.0002128394 0.0112209180 0.0002903130 -0.2389117777 0.0488060750 -0.1043506116 0.1104021743 -0.0034933360 0.0096503934 -0.9647190455 0.2629820678 -0.0088762634 0.0000000000 0.0000000000 0.0248750618
-0.7166687250 0.0026759889 0.0072450265 0.1055788323 0.0139324591 -0.2434628075 0.0488604949 -0.1129465156 -0.0038892308 -0.0024600199 -0.1442740920 -0.9679572410 0.2509378539 -0.0094325574 -0.2507920849 -0.9679345396 -0.0143546946 -0.0127322343 -0.0115291198 0.9998524739 -0.3226360361 0.0747254022 0.2809058121 -0.0001213897 0.0000013948 -0.0002538797 0.0124932304 0.0003495325 -0.2383432239 0.0487875082 -0.1043008566 0.1170153618 -0.0039367550 0.0102528548 -0.9647447741 0.2628615923 -0.0092541590 0.0000000000 0.0000000000 0.0263937737
-0.7139372230 -0.0033640733 0.0082180137 0.1054226682 0.0118766204 -0.2434842444 0.0488463594 -0.1136611353 -0.0045589301 -0.0030829497 -0.1419413964 -0.9683082466 0.2495659582 -0.0097965297 -0.2493947483 -0.9682704056 -0.0159587307 -0.0134684457 -0.0130097675 0.9998246581 -0.3238885304 0.0644130927 0.2864205498 -0.0001456143 0.0000016779 -0.0002987585 0.0137871783 0.0004151535 -0.2377416939 0.0487666652 -0.1042480841 0.1235915050 -0.0044057975 0.0108551932 -0.9647733015 0.2627336765 -0.0095775722 0.0000000000 0.0000000000 0.0279461047
-0.7117869854 -0.0088236537 0.0090763755 0.1052903384 0.0100659905 -0.2435091629 0.0488288590 -0.1143624831 -0.0052725758 -0.0037893562 -0.1390890279 -0.9686639394 0.2481690910 -0.0101131026 -0.2479714595 -0.9686081601 -0.0175609654 -0.0141537225 -0.0145029131 0.9997946477 -0.3227433885 0.0545805698 0.2911268941 -0.0001728789 0.0000019804 -0.0003474313 0.0150983408 0.0004872717 -0.2371073663 0.0487434082 -0.1041923016 0.1301300824 -0.0049003209 0.0114573976 -0.9648047545 0.2625980458 -0.0098491647 0.0000000000 0.0000000000 0.0295317315
-0.7101317644 -0.0137151824 0.0098251821 0.1051761955 0.0084731933 -0.2435377724 0.0488075753 -0.1150482956 -0.0060266575 -0.0045795488 -0.1358262593 -0.9690233385 0.2467507478 -0.0103845038 -0.2465260709 -0.9689469371 -0.0191501806 -0.0147873546 -0.0159969210 0.9997626882 -0.3194276504 0.0451696834 0.2951222331 -0.0002033656 0.0000022962 -0.0003998412 0.0164228119 0.0005659618 -0.2364404500 0.0487176180 -0.1041335091 0.1366305649 -0.0054201828 0.0120594632 -0.9648392405 0.2624544298 -0.0100713472 0.0000000000 0.0000000000 0.0311493962
-0.7088942528 -0.0180569775 0.0104679512 0.1050751731 0.0070734634 -0.2435702644 0.0487820903 -0.1157168068 -0.0068175874 -0.0054530349 -0.1322463289 -0.9693855875 0.2453139916 -0.0106126478 -0.2450620049 -0.9692860514 -0.0207162819 -0.0153686853 -0.0174813084 0.9997290670 -0.3141641022 0.0361235249 0.2984929206 -0.0002372568 0.0000026177 -0.0004559208 0.0177571401 0.0006512800 -0.2357411385 0.0486891642 -0.1040717065 0.1430924386 -0.0059652408 0.0126613816 -0.9648768491 0.2623025675 -0.0102462726 0.0000000000 0.0000000000 0.0327971175
-0.7080074549 -0.0218738671 0.0110096354 0.1049826592 0.0058447649 -0.2436068121 0.0487519910 -0.1163666729 -0.0076417475 -0.0064086314 -0.1284280748 -0.9697499397 0.2438615031 -0.0107991546 -0.2435822986 -0.9696249736 -0.0222502691 -0.0158971141 -0.0189467142 0.9996941051 -0.3071688608 0.0273897341 0.3013153615 -0.0002747345 0.0000029358 -0.0005155950 0.0190982968 0.0007432664 -0.2350095958 0.0486579239 -0.1040069014 0.1495151818 -0.0065353531 0.0132631464 -0.9649176536 0.2621422122 -0.0103758463 0.0000000000 0.0000000000 0.0344723657
-0.7064871788 -0.0236777738 0.0118308207 0.1047865972 0.0047673220 -0.2436475709 0.0487168719 -0.1169969061 -0.0084955206 -0.0074445683 -0.1244377585 -0.9701157453 0.2423956259 -0.0109453792 -0.2420896423 -0.9699633077 -0.0237441946 -0.0163721051 -0.0203848541 0.9996581475 -0.2986488702 0.0189212356 0.3036570921 -0.0003159808 0.0000032401 -0.0005787831 0.0204436146 0.0008419469 -0.2342460454 0.0486237705 -0.1039390787 0.1558983177 -0.0071303770 0.0138647482 -0.9649617121 0.2619731340 -0.0104617468 0.0000000000 0.0000000000 0.0361722170
-0.7043973207 -0.0236971863 0.0128007391 0.1045254245 0.0038232021 -0.2436926837 0.0486763307 -0.1176064796 -0.0093775348 -0.0085614405 -0.1201960775 -0.9704824663 0.2409183717 -0.0110508259 -0.2405863986 -0.9703007465 -0.0251921826 -0.0167918843 -0.0217898930 0.9996215450 -0.2892281115 0.0100301538 0.3055778983 -0.0003611775 0.0000035188 -0.0006453993 0.0217907708 0.0009473347 -0.2334506810 0.0485865809 -0.1038682535 0.1622413099 -0.0077501703 0.0144661823 -0.9650091094 0.2617951017 -0.0105038092 0.0000000000 0.0000000000 0.0378896076
-0.7028594613 -0.0238620788 0.0133740380 0.1043606177 0.0029948265 -0.2437422886 0.0486299592 -0.1181938146 -0.0102867656 -0.0097605111 -0.1155972354 -0.9708497032 0.2394314006 -0.0111111774 -0.2390746077 -0.9706370099 -0.0265918572 -0.0171518456 -0.0231602963 0.9995846212 -0.2795768462 0.0000392373 0.3071310600 -0.0004105062 0.0000037584 -0.0007153511 0.0231377557 0.0010594323 -0.2326236963 0.0485462286 -0.1037944183 0.1685436815 -0.0083945915 0.0150674405 -0.9650600121 0.2616078461 -0.0104980058 0.0000000000 0.0000000000 0.0396176962
-0.7018104196 -0.0241650678 0.0136198625 0.1042769402 0.0022660454 -0.2437965110 0.0485773512 -0.1187572225 -0.0112191111 -0.0110394886 -0.1107008221 -0.9712171395 0.2379361005 -0.0111211503 -0.2375560416 -0.9709718473 -0.0279427776 -0.0174469194 -0.0244966081 0.9995476583 -0.2698107926 -0.0108019837 0.3083632360 -0.0004641480 0.0000039445 -0.0007885380 0.0244828295 0.0011782330 -0.2317653149 0.0485025942 -0.1037175804 0.1748049259 -0.0090634981 0.0156685133 -0.9651145989 0.2614110822 -0.0104393140 0.0000000000 0.0000000000 0.0413552227
-0.7011536360 -0.0245390628 0.0136419712 0.1042474508 0.0016250596 -0.2438554516 0.0485181173 -0.1192954936 -0.0121695796 -0.0123950570 -0.1055979873 -0.9715844759 0.2364336942 -0.0110776548 -0.2360322664 -0.9713050674 -0.0292444045 -0.0176741448 -0.0257987255 0.9995109056 -0.2599074382 -0.0220852475 0.3093142401 -0.0005222835 0.0000040609 -0.0008648522 0.0258244574 0.0013037215 -0.2308757156 0.0484555513 -0.1036377326 0.1810245663 -0.0097567495 0.0162693970 -0.9651729723 0.2612045587 -0.0103249120 0.0000000000 0.0000000000 0.0431014915
-0.7008100152 -0.0249348152 0.0135145150 0.1042525768 0.0010616180 -0.2439191860 0.0484518842 -0.1198078271 -0.0131332320 -0.0138239303 -0.1003635231 -0.9719514254 0.2349252682 -0.0109793019 -0.2345046681 -0.9716365306 -0.0304961149 -0.0178321988 -0.0270660448 0.9994745829 -0.2498556004 -0.0335217281 0.3100185875 -0.0005850929 0.0000040904 -0.0009441809 0.0271613076 0.0014358757 -0.2299551368 0.0484049842 -0.1035548821 0.1872021109 -0.0104742022 0.0168700814 -0.9652351674 0.2609880620 -0.0101536858 0.0000000000 0.0000000000 0.0448550978
-0.7007170916 -0.0253188796 0.0132865831 0.1042786241 0.0005668401 -0.2439877658 0.0483782952 -0.1202937499 -0.0141052788 -0.0153228928 -0.0950571944 -0.9723177149 0.2334117877 -0.0108258295 -0.2329744710 -0.9719661409 -0.0316972681 -0.0179208557 -0.0282976734 0.9994388849 -0.2396562943 -0.0449228442 0.3105064529 -0.0006527554 0.0000040143 -0.0010264080 0.0284922030 0.0015746669 -0.2290037721 0.0483507700 -0.1034690291 0.1933370680 -0.0112157157 0.0174705610 -0.9653011641 0.2607614135 -0.0099256510 0.0000000000 0.0000000000 0.0466141472
-0.7008247375 -0.0256690532 0.0129910549 0.1043162942 0.0001325011 -0.2440612190 0.0482970094 -0.1207530506 -0.0150811108 -0.0168887881 -0.0897267939 -0.9726830861 0.2318941103 -0.0106177008 -0.2314427542 -0.9722938390 -0.0328472541 -0.0179406098 -0.0294925786 0.9994039835 -0.2293191885 -0.0561676984 0.3108043157 -0.0007254496 0.0000038129 -0.0011114160 0.0298161227 0.0017200615 -0.2280218303 0.0482927859 -0.1033801809 0.1994289905 -0.0119811473 0.0180708282 -0.9653708985 0.2605244681 -0.0096415508 0.0000000000 0.0000000000 0.0483764505
-0.7010934353 -0.0259706974 0.0126486234 0.1043589041 -0.0002483726 -0.2441395512 0.0482077013 -0.1211857273 -0.0160563138 -0.0185185109 -0.0844105434 -0.9730472950 0.2303729982 -0.0103558393 -0.2299104670 -0.9726195959 -0.0339455278 -0.0178924253 -0.0306496881 0.9993700304 -0.2188597892 -0.0671803369 0.3109353360 -0.0008033531 0.0000034656 -0.0011990865 0.0311321784 0.0018720203 -0.2270095497 0.0482309200 -0.1032883227 0.2054774016 -0.0127703575 0.0186708737 -0.9654442709 0.2602771106 -0.0093025875 0.0000000000 0.0000000000 0.0501396620
-0.7014899254 -0.0262150522 0.0122743640 0.1044015735 -0.0005822181 -0.2442227465 0.0481100611 -0.1215919454 -0.0170266715 -0.0202089992 -0.0791390869 -0.9734101115 0.2288491293 -0.0100414557 -0.2283784420 -0.9729434069 -0.0349916305 -0.0177775723 -0.0317679550 0.9993371578 -0.2082975687 -0.0779134699 0.3109198378 -0.0008866423 0.0000029506 -0.0012893017 0.0324395970 0.0020305009 -0.2259671390 0.0481650457 -0.1031934693 0.2114818245 -0.0135832028 0.0192706920 -0.9655211528 0.2600192551 -0.0089102482 0.0000000000 0.0000000000 0.0519013737
-0.7019883394 -0.0263967719 0.0118773654 0.1044409424 -0.0008748171 -0.2443107687 0.0480037939 -0.1219720044 -0.0179881680 -0.0219572370 -0.0739367882 -0.9737713186 0.2273231079 -0.0096759351 -0.2268474077 -0.9732652869 -0.0359852052 -0.0175975205 -0.0328463999 0.9993054795 -0.1976542992 -0.0883393290 0.3107756007 -0.0009754920 0.0000022452 -0.0013819449 0.0337377228 0.0021954563 -0.2248948067 0.0480950475 -0.1030956209 0.2174418122 -0.0144195436 0.0198702756 -0.9656013917 0.2597508419 -0.0084661902 0.0000000000 0.0000000000 0.0536591863
-0.7025672197 -0.0265144426 0.0114648091 0.1044744402 -0.0011310573 -0.2444035617 0.0478886201 -0.1223263102 -0.0189369805 -0.0237602496 -0.0688230346 -0.9741307111 0.2257954738 -0.0092607623 -0.2253179998 -0.9735852655 -0.0369260040 -0.0173538663 -0.0338841381 0.9992750915 -0.1869531441 -0.0984422663 0.3105181251 -0.0010700765 0.0000013258 -0.0014769011 0.0350259729 0.0023668373 -0.2237927914 0.0480208099 -0.1029947698 0.2233569026 -0.0152792372 0.0204696171 -0.9656848155 0.2594718366 -0.0079721647 0.0000000000 0.0000000000 0.0554107572
-0.7032082081 -0.0265669841 0.0110416990 0.1044999436 -0.0013554088 -0.2445010513 0.0477642745 -0.1226553530 -0.0198694735 -0.0256151043 -0.0638131482 -0.9744880947 0.2242667111 -0.0087974747 -0.2237907710 -0.9739033835 -0.0378138921 -0.0170482876 -0.0348803940 0.9992460728 -0.1762174777 -0.1082148429 0.3101609735 -0.0011705679 0.0000001683 -0.0015740579 0.0363038704 0.0025445917 -0.2226613164 0.0479422174 -0.1028909236 0.2292266488 -0.0161621440 0.0210687090 -0.9657712359 0.2591822287 -0.0074299692 0.0000000000 0.0000000000 0.0571538387
-0.7038969994 -0.0265551563 0.0106116123 0.1045158878 -0.0015519249 -0.2446031454 0.0476305066 -0.1229596892 -0.0207821933 -0.0275189159 -0.0589189984 -0.9748432848 0.2227372559 -0.0082876299 -0.2222662004 -0.9742196892 -0.0386488475 -0.0166825104 -0.0358345095 0.9992184855 -0.1654706918 -0.1176552803 0.3097159782 -0.0012771371 -0.0000012523 -0.0016733048 0.0375709981 0.0027286648 -0.2215006053 0.0478591509 -0.1027840823 0.2350506186 -0.0170681216 0.0216675457 -0.9658604515 0.2588820292 -0.0068414132 0.0000000000 0.0000000000 0.0588863006
-0.7046215534 -0.0264820401 0.0101769930 0.1045210436 -0.0017239434 -0.2447097352 0.0474870802 -0.1232399256 -0.0216718576 -0.0294688452 -0.0541497049 -0.9751961059 0.2212075025 -0.0077327835 -0.2207447014 -0.9745342355 -0.0394309601 -0.0162582864 -0.0367459478 0.9991923756 -0.1547357626 -0.1267653989 0.3091934098 -0.0013899533 -0.0000029617 -0.0017745352 0.0388270095 0.0029190008 -0.2203108817 0.0477714986 -0.1026742458 0.2408283502 -0.0179970320 0.0222661160 -0.9659522504 0.2585712701 -0.0062082960 0.0000000000 0.0000000000 0.0606061488
-0.7053710818 -0.0263489578 0.0097400742 0.1045145765 -0.0018745639 -0.2448206960 0.0473337730 -0.1234967082 -0.0225353482 -0.0314621006 -0.0495121153 -0.9755463901 0.2196778095 -0.0071344772 -0.2192266295 -0.9748470777 -0.0401604274 -0.0157773789 -0.0376142926 0.9991677734 -0.1440345220 -0.1355488155 0.3086022347 -0.0015091840 -0.0000049861 -0.0018776448 0.0400716104 0.0031155413 -0.2190923989 0.0476791412 -0.1025614217 0.2465594113 -0.0189487301 0.0228644162 -0.9660464122 0.2582500024 -0.0055323934 0.0000000000 0.0000000000 0.0623115399
-0.7061377764 -0.0261596907 0.0093026459 0.1044953689 -0.0020064684 -0.2449358881 0.0471703767 -0.1237307107 -0.0233697045 -0.0334959450 -0.0450110707 -0.9758939771 0.2181485054 -0.0064942311 -0.2177122883 -0.9751582713 -0.0408375496 -0.0152415536 -0.0384392448 0.9991446940 -0.1333880527 -0.1440107956 0.3079502479 -0.0016349946 -0.0000073522 -0.0019825329 0.0413045585 0.0033182274 -0.2178453654 0.0475819707 -0.1024456024 0.2522433698 -0.0199230798 0.0234624390 -0.9661427102 0.2579182947 -0.0048154501 0.0000000000 0.0000000000 0.0640007848
-0.7069147229 -0.0259169769 0.0088665253 0.1044629067 -0.0021219817 -0.2450551572 0.0469966963 -0.1239426263 -0.0241721131 -0.0355676920 -0.0406498853 -0.9762387132 0.2166198922 -0.0058135375 -0.2162019360 -0.9754678700 -0.0414627249 -0.0146525701 -0.0392206191 0.9991231382 -0.1228161143 -0.1521574564 0.3072442218 -0.0017675494 -0.0000100869 -0.0020891023 0.0425256528 0.0035269987 -0.2165700495 0.0474798754 -0.1023267955 0.2578798532 -0.0209199358 0.0240601748 -0.9662409130 0.2575762321 -0.0040591727 0.0000000000 0.0000000000 0.0656723562
-0.7076954246 -0.0256244577 0.0084325755 0.1044166833 -0.0022231899 -0.2451783355 0.0468125504 -0.1241331610 -0.0249399013 -0.0376747083 -0.0364305853 -0.9765804506 0.2150922501 -0.0050938574 -0.2146957902 -0.9757759247 -0.0420364427 -0.0140121764 -0.0399583385 0.9991030928 -0.1123372820 -0.1599958348 0.3064900507 -0.0019070094 -0.0000132180 -0.0021972589 0.0437347405 0.0037417940 -0.2152666599 0.0473727360 -0.1022050008 0.2634683549 -0.0219391622 0.0246576183 -0.9663407863 0.2572239147 -0.0032652260 0.0000000000 0.0000000000 0.0673248885
-0.7084755898 -0.0252853222 0.0080018425 0.1043560728 -0.0023119408 -0.2453052422 0.0466177703 -0.1243030270 -0.0256705312 -0.0398144205 -0.0323540033 -0.9769190477 0.2135658400 -0.0043366175 -0.2131940332 -0.9760824822 -0.0425592780 -0.0133221044 -0.0406524284 0.9990845318 -0.1019688176 -0.1675329891 0.3056928526 -0.0020535346 -0.0000167732 -0.0023069126 0.0449316874 0.0039625512 -0.2139354348 0.0472604446 -0.1020802185 0.2690085173 -0.0229806174 0.0252547581 -0.9664420940 0.2568614557 -0.0024352299 0.0000000000 0.0000000000 0.0689571778
-0.7092514038 -0.0249033067 0.0075753075 0.1042809710 -0.0023897244 -0.2454356843 0.0464122001 -0.1244529383 -0.0263615912 -0.0419843104 -0.0284201141 -0.9772543678 0.2120409069 -0.0035432116 -0.2116968157 -0.9763875845 -0.0430318846 -0.0125840677 -0.0413030106 0.9990674164 -0.0917267424 -0.1747760306 0.3048570610 -0.0022072829 -0.0000207804 -0.0024179770 0.0461164005 0.0041892086 -0.2125766426 0.0471428931 -0.1019524559 0.2744999230 -0.0240441598 0.0258515943 -0.9665445998 0.2564889810 -0.0015707604 0.0000000000 0.0000000000 0.0705681785
-0.7100188732 -0.0244813655 0.0071542384 0.1041909829 -0.0024579118 -0.2455694571 0.0461956964 -0.1245836064 -0.0270107897 -0.0441819160 -0.0246281856 -0.9775862797 0.2105176821 -0.0027149997 -0.2102042610 -0.9766912678 -0.0434549889 -0.0117997600 -0.0419102964 0.9990516967 -0.0816257083 -0.1817320838 0.3039865537 -0.0023684090 -0.0000252681 -0.0025303685 0.0472888052 0.0044217026 -0.2111905217 0.0470199659 -0.1018217057 0.2799421549 -0.0251296498 0.0264481138 -0.9666480683 0.2561066272 -0.0006733491 0.0000000000 0.0000000000 0.0721570005
-0.7107761502 -0.0240228288 0.0067387545 0.1040859818 -0.0025176352 -0.2457063446 0.0459681277 -0.1246957370 -0.0276159504 -0.0464048384 -0.0209767699 -0.9779146570 0.2089963849 -0.0018533074 -0.2087164681 -0.9769935624 -0.0438293837 -0.0109708521 -0.0424745809 0.9990373118 -0.0716791751 -0.1884086761 0.3030847163 -0.0025370661 -0.0000302645 -0.0026440078 0.0484488532 0.0046599703 -0.2097773105 0.0468915589 -0.1016879752 0.2853348255 -0.0262369495 0.0270443093 -0.9667522656 0.2557145405 0.0002555178 0.0000000000 0.0000000000 0.0737229033
-0.7115200758 -0.0235309191 0.0063299136 0.1039658114 -0.0025699679 -0.2458461203 0.0457293745 -0.1247900273 -0.0281750049 -0.0486507339 -0.0174640097 -0.9782393780 0.2074772248 -0.0009594260 -0.2072335149 -0.9772944924 -0.0441559223 -0.0100989900 -0.0429962367 0.9990241909 -0.0618994268 -0.1948128148 0.3021545243 -0.0027134051 -0.0000357982 -0.0027588187 0.0495965108 0.0049039489 -0.2083372623 0.0467575602 -0.1015512645 0.2906775475 -0.0273659173 0.0276401788 -0.9668569611 0.2553128755 0.0012143991 0.0000000000 0.0000000000 0.0752652907
-0.7122492194 -0.0230081901 0.0059278808 0.1038304642 -0.0026158034 -0.2459885479 0.0454793289 -0.1248671636 -0.0286859895 -0.0509173233 -0.0140875263 -0.9785603260 0.2059604020 -0.0000346144 -0.2057554606 -0.9775940751 -0.0444355127 -0.0091857949 -0.0434757077 0.9990122542 -0.0522975331 -0.2009515936 0.3011985785 -0.0028975741 -0.0000418976 -0.0028747283 0.0507317595 0.0051535736 -0.2068706155 0.0466178656 -0.1014115736 0.2959699035 -0.0285164118 0.0282357093 -0.9669619274 0.2549017943 0.0022018969 0.0000000000 0.0000000000 0.0767837046
-0.7129617929 -0.0224577822 0.0055334452 0.1036798581 -0.0026559171 -0.2461333814 0.0452178940 -0.1249278193 -0.0291470385 -0.0532023871 -0.0108446228 -0.9788773887 0.2044461093 0.0009199010 -0.2042823482 -0.9778923216 -0.0446691125 -0.0082328621 -0.0439135037 0.9990014135 -0.0428836022 -0.2068317896 0.3002191636 -0.0030897190 -0.0000485911 -0.0029916679 0.0518546030 0.0054087825 -0.2053776383 0.0464723632 -0.1012689024 0.3012115061 -0.0296882968 0.0288308952 -0.9670669417 0.2544814648 0.0032166561 0.0000000000 0.0000000000 0.0782778179
-0.7136573195 -0.0218823925 0.0051470539 0.1035141349 -0.0026907856 -0.2462803656 0.0449449841 -0.1249726534 -0.0295563806 -0.0555037676 -0.0077322964 -0.9791904587 0.2029345325 0.0019029249 -0.2028142068 -0.9781892364 -0.0448577234 -0.0072417605 -0.0443101950 0.9989915733 -0.0336666274 -0.2124601647 0.2992182967 -0.0032899829 -0.0000559073 -0.0031095711 0.0529650487 0.0056695114 -0.2038585842 0.0463209450 -0.1011232659 0.3064020276 -0.0308814328 0.0294257309 -0.9671717861 0.2540520600 0.0042573631 0.0000000000 0.0000000000 0.0797474281
-0.7143341303 -0.0212843716 0.0047688121 0.1033333465 -0.0027211241 -0.2464292371 0.0446605237 -0.1250023095 -0.0299123329 -0.0578193642 -0.0047474152 -0.9794994330 0.2014258513 0.0029132929 -0.2013510533 -0.9784848177 -0.0450023866 -0.0062140312 -0.0446664067 0.9989826314 -0.0246545878 -0.2178433978 0.2981978279 -0.0034985067 -0.0000638741 -0.0032283757 0.0540631153 0.0059356969 -0.2023137063 0.0461635105 -0.1009746492 0.3115410507 -0.0320956782 0.0300202072 -0.9672762487 0.2536137571 0.0053227457 0.0000000000 0.0000000000 0.0811924491
-0.7149916887 -0.0206661373 0.0043991669 0.1031376272 -0.0027473499 -0.2465797240 0.0443644480 -0.1250174148 -0.0302132989 -0.0601471403 -0.0018865937 -0.9798042133 0.1999202396 0.0039498707 -0.1998928937 -0.9787790579 -0.0451041776 -0.0051511873 -0.0449828144 0.9989744800 -0.0158546134 -0.2229878239 0.2971593872 -0.0037154288 -0.0000725199 -0.0033480218 0.0551488362 0.0062072761 -0.2007432580 0.0459999554 -0.1008230597 0.3166282177 -0.0333308950 0.0306143202 -0.9673801232 0.2531667361 0.0064115713 0.0000000000 0.0000000000 0.0826129048
-0.7156292200 -0.0200299323 0.0040381630 0.1029271334 -0.0027697613 -0.2467315468 0.0440567020 -0.1250185790 -0.0304577632 -0.0624851200 0.0008536864 -0.9801047060 0.1984178659 0.0050115524 -0.1984397250 -0.9790719434 -0.0451642029 -0.0040547144 -0.0452601389 0.9989670060 -0.0072729735 -0.2278996885 0.2961044565 -0.0039408845 -0.0000818722 -0.0034684532 0.0562222414 0.0064841858 -0.1991475075 0.0458301678 -0.1006685048 0.3216631413 -0.0345869437 0.0312080570 -0.9674832104 0.2527111793 0.0075226458 0.0000000000 0.0000000000 0.0840089215
-0.7162469029 -0.0193782467 0.0036861580 0.1027020663 -0.0027887749 -0.2468844186 0.0437372406 -0.1250063940 -0.0306442888 -0.0648313889 0.0034770689 -0.9804008224 0.1969188939 0.0060972600 -0.1969915366 -0.9793634551 -0.0451835951 -0.0029260700 -0.0454991424 0.9989600924 0.0010848567 -0.2325849267 0.2950344277 -0.0041750059 -0.0000919588 -0.0035896162 0.0572833791 0.0067663640 -0.1975267231 0.0456540510 -0.1005109847 0.3266454935 -0.0358636864 0.0318014137 -0.9675853177 0.2522472703 0.0086548123 0.0000000000 0.0000000000 0.0853807211
-0.7168439031 -0.0187121388 0.0033430781 0.1024627462 -0.0028046295 -0.2470380457 0.0434060277 -0.1249814332 -0.0307715124 -0.0671840893 0.0059871934 -0.9806924783 0.1954234820 0.0072059418 -0.1955483105 -0.9796535692 -0.0451635096 -0.0017666837 -0.0457006238 0.9989536184 0.0092142731 -0.2370493378 0.2939505735 -0.0044179237 -0.0001028069 -0.0037114606 0.0583322980 0.0070537468 -0.1958811432 0.0454714969 -0.1003504917 0.3315749466 -0.0371609852 0.0323943868 -0.9676862601 0.2517751930 0.0098069496 0.0000000000 0.0000000000 0.0867286122
-0.7174198627 -0.0180339031 0.0030094592 0.1022093669 -0.0028176233 -0.2471921277 0.0430630367 -0.1249442519 -0.0308381427 -0.0695414258 0.0083878079 -0.9809795945 0.1939317839 0.0083365718 -0.1941100234 -0.9799422569 -0.0451051209 -0.0005779576 -0.0458654154 0.9989474609 0.0171111058 -0.2412985438 0.2928540911 -0.0046697645 -0.0001144432 -0.0038339389 0.0593690388 0.0073462725 -0.1942110658 0.0452824049 -0.1001870409 0.3364510834 -0.0384786986 0.0329869613 -0.9677858602 0.2512951313 0.0109779711 0.0000000000 0.0000000000 0.0880529873
-0.7179754972 -0.0173455402 0.0026846761 0.1019423008 -0.0028278753 -0.2473463578 0.0427082497 -0.1248953861 -0.0308429563 -0.0719016646 0.0106827359 -0.9812620964 0.1924439482 0.0094881497 -0.1926766467 -0.9802294853 -0.0450096206 0.0006387350 -0.0459943795 0.9989414943 0.0247719184 -0.2453382861 0.2917460960 -0.0049306531 -0.0001268943 -0.0039570052 0.0603936613 0.0076438794 -0.1925167292 0.0450866781 -0.1000206247 0.3412736058 -0.0398166887 0.0335791372 -0.9678839482 0.2508072680 0.0121668247 0.0000000000 0.0000000000 0.0893543128
-0.7185099125 -0.0166481696 0.0023692206 0.1016616896 -0.0028355641 -0.2475004235 0.0423416571 -0.1248353531 -0.0307847954 -0.0742631257 0.0128757035 -0.9815399145 0.1909601189 0.0106596993 -0.1912481479 -0.9805152176 -0.0448782129 0.0018820485 -0.0460884050 0.9989355919 0.0321939539 -0.2491735697 0.2906276708 -0.0052007101 -0.0001401862 -0.0040806183 0.0614062287 0.0079465052 -0.1907984167 0.0448842049 -0.0998512506 0.3460421562 -0.0411748216 0.0341708995 -0.9679803626 0.2503117841 0.0133724907 0.0000000000 0.0000000000 0.0906331229
-0.7190234661 -0.0159431752 0.0020629882 0.1013681144 -0.0028407497 -0.2476540067 0.0419632578 -0.1247646511 -0.0306625649 -0.0766241920 0.0149705340 -0.9818129842 0.1894804349 0.0118502666 -0.1898244909 -0.9807994136 -0.0447121129 0.0031506640 -0.0461484039 0.9989296262 0.0393748951 -0.2528095556 0.2894998593 -0.0054800557 -0.0001543445 -0.0042047375 0.0624067932 0.0082540885 -0.1890563965 0.0446748957 -0.0996789187 0.3507564366 -0.0425529517 0.0347622484 -0.9680749500 0.2498088588 0.0145939800 0.0000000000 0.0000000000 0.0918900148
-0.7195165157 -0.0152320741 0.0017660093 0.1010618508 -0.0028436107 -0.2478067837 0.0415730584 -0.1246837595 -0.0304752299 -0.0789833035 0.0169710246 -0.9820812458 0.1880050298 0.0130589206 -0.1884056363 -0.9810820300 -0.0445125440 0.0044432902 -0.0461753089 0.9989234695 0.0463128621 -0.2562513045 0.2883636964 -0.0057688034 -0.0001693941 -0.0043293261 0.0633954257 0.0085665695 -0.1872909367 0.0444586426 -0.0995036289 0.3554160595 -0.0439509489 0.0353531726 -0.9681675654 0.2492986682 0.0158303343 0.0000000000 0.0000000000 0.0931256436
-0.7199887633 -0.0145166004 0.0014781643 0.1007432044 -0.0028441472 -0.2479584263 0.0411710732 -0.1245931388 -0.0302218135 -0.0813389554 0.0188809012 -0.9823446446 0.1865340320 0.0142847522 -0.1869915427 -0.9813630212 -0.0442807358 0.0057586634 -0.0461700715 0.9989169947 0.0530064741 -0.2595037347 0.2872201792 -0.0060670665 -0.0001853595 -0.0044543482 0.0643721744 0.0088838860 -0.1855023205 0.0442353524 -0.0993253887 0.3600207865 -0.0453686677 0.0359436646 -0.9682580719 0.2487813853 0.0170806251 0.0000000000 0.0000000000 0.0943407143
-0.7204407454 -0.0137975849 0.0011990810 0.1004126072 -0.0028425974 -0.2481086011 0.0407573239 -0.1244932308 -0.0299013943 -0.0836897020 0.0207039133 -0.9826031309 0.1850675642 0.0155268735 -0.1855821660 -0.9816423393 -0.0440179215 0.0070955470 -0.0461336583 0.9989100754 0.0594549199 -0.2625714898 0.2860703111 -0.0063749556 -0.0002022646 -0.0045797722 0.0653371215 0.0092059774 -0.1836908311 0.0440049246 -0.0991441905 0.3645702004 -0.0468059778 0.0365337208 -0.9683463415 0.2482571793 0.0183439523 0.0000000000 0.0000000000 0.0955359754
-0.7208726406 -0.0130760483 0.0009288487 0.1000706032 -0.0028387827 -0.2482569705 0.0403318393 -0.1243844588 -0.0295131044 -0.0860341520 0.0224437371 -0.9828566601 0.1836057437 0.0167844162 -0.1841774609 -0.9819199346 -0.0437253359 0.0084527300 -0.0460670487 0.9989025870 0.0656576859 -0.2654588429 0.2849150404 -0.0066925753 -0.0002201327 -0.0047055664 0.0662903339 0.0095327850 -0.1818567216 0.0437672585 -0.0989600495 0.3690640628 -0.0482627377 0.0371233337 -0.9684322542 0.2477262153 0.0196194426 0.0000000000 0.0000000000 0.0967122171
-0.7212847471 -0.0123528214 0.0006676166 0.0997174755 -0.0028328223 -0.2484031927 0.0398946547 -0.1242672278 -0.0290561277 -0.0883709690 0.0241039970 -0.9831051924 0.1821486819 0.0180565300 -0.1827773805 -0.9821957561 -0.0434042138 0.0098290268 -0.0459712332 0.9988944068 0.0716145708 -0.2681700639 0.2837553697 -0.0070200302 -0.0002389864 -0.0048317029 0.0672318637 0.0098642483 -0.1800002754 0.0435222648 -0.0987729579 0.3735020459 -0.0497388057 0.0377124920 -0.9685156989 0.2471886539 0.0209062478 0.0000000000 0.0000000000 0.0978702659
-0.7216767073 -0.0116290310 0.0004148483 0.0993537530 -0.0028247759 -0.2485469220 0.0394458123 -0.1241419249 -0.0285296979 -0.0906988711 0.0256882614 -0.9833486934 0.1806964841 0.0193423842 -0.1813818768 -0.9824697521 -0.0430557890 0.0112232777 -0.0458472118 0.9988854145 0.0773256530 -0.2707095914 0.2825922942 -0.0073574204 -0.0002588475 -0.0049581551 0.0681617782 0.0102003077 -0.1781217903 0.0432698391 -0.0985829234 0.3778838515 -0.0512340516 0.0383011922 -0.9685965727 0.2466446508 0.0222035456 0.0000000000 0.0000000000 0.0990109803
-0.7224535942 -0.0110211344 0.0003037453 0.0990320891 -0.0028147027 -0.2486878089 0.0389853604 -0.1240089193 -0.0279330955 -0.0930166343 0.0272001341 -0.9835871334 0.1792492491 0.0206411663 -0.1799909005 -0.9827418700 -0.0426812926 0.0126343487 -0.0456959923 0.9988754925 0.0827913319 -0.2730814208 0.2814267956 -0.0077048424 -0.0002797374 -0.0050848974 0.0690801591 0.0105409045 -0.1762215346 0.0430098921 -0.0983899459 0.3822091818 -0.0527483374 0.0388894230 -0.9686747811 0.2460943565 0.0235105385 0.0000000000 0.0000000000 0.1001352451
-0.7238965631 -0.0106026651 0.0004039705 0.0988016278 -0.0028025433 -0.2488255024 0.0385133598 -0.1238687093 -0.0272664299 -0.0953204030 0.0285843727 -0.9838204843 0.1778070583 0.0219523297 -0.1786044007 -0.9830120618 -0.0422818440 0.0140613946 -0.0455185270 0.9988645258 0.0880553570 -0.2753891183 0.2802598260 -0.0080623906 -0.0003016765 -0.0052119084 0.0699870661 0.0108859800 -0.1742997915 0.0427423269 -0.0981940329 0.3864777386 -0.0542815216 0.0394771807 -0.9687502283 0.2455379067 0.0248266931 0.0000000000 0.0000000000 0.1012427031
-0.7252035141 -0.0101304837 0.0004079491 0.0985816419 -0.0027887749 -0.2489596554 0.0380298986 -0.1237222450 -0.0265308910 -0.0976038755 0.0297301695 -0.9840487097 0.1763699530 0.0232760957 -0.1772223201 -0.9832802949 -0.0418582237 0.0155043933 -0.0453155747 0.9988523977 0.0931989087 -0.2778125003 0.2790922694 -0.0084301569 -0.0003246843 -0.0053391685 0.0708825886 0.0112354755 -0.1723568439 0.0424670465 -0.0979951769 0.3906892538 -0.0558334738 0.0400644615 -0.9688227915 0.2449754042 0.0261522232 0.0000000000 0.0000000000 0.1023315434
-0.7263644934 -0.0096002771 0.0003253818 0.0983703360 -0.0027742910 -0.2490899241 0.0375350850 -0.1235707903 -0.0257264085 -0.0998656759 0.0306330376 -0.9842717660 0.1749379536 0.0246130648 -0.1758445965 -0.9835465453 -0.0414110028 0.0169637388 -0.0450877553 0.9988389890 0.0982180669 -0.2803116388 0.2779247803 -0.0088082263 -0.0003487797 -0.0054666642 0.0717668161 0.0115893343 -0.1703929901 0.0421839580 -0.0977933854 0.3948434293 -0.0574040525 0.0406512469 -0.9688923281 0.2444069364 0.0274877101 0.0000000000 0.0000000000 0.1034021674
-0.7273892164 -0.0090182954 0.0001848191 0.0981617793 -0.0027592112 -0.2492159621 0.0370290273 -0.1234154824 -0.0248524122 -0.1021058606 0.0313190650 -0.9844896149 0.1735110995 0.0259633692 -0.1744711689 -0.9838107820 -0.0409408893 0.0184393439 -0.0448357398 0.9988241822 0.1030852250 -0.2827975657 0.2767577427 -0.0091966856 -0.0003739800 -0.0055943886 0.0726398155 0.0119474977 -0.1684085131 0.0418929756 -0.0975886658 0.3989399970 -0.0589931197 0.0412375405 -0.9689587114 0.2438326083 0.0288332809 0.0000000000 0.0000000000 0.1044558481
-0.7282861471 -0.0083917417 0.0000074208 0.0979519412 -0.0027432372 -0.2493374198 0.0365118334 -0.1232573297 -0.0239082604 -0.1043244710 0.0318132834 -0.9847022244 0.1720894451 0.0273267654 -0.1731019789 -0.9840729677 -0.0404487211 0.0199307332 -0.0445602628 0.9988078638 0.1077760691 -0.2852072508 0.2755914867 -0.0095956158 -0.0004003022 -0.0057223388 0.0735016987 0.0123099089 -0.1664036959 0.0415939987 -0.0973810107 0.4029786885 -0.0606005453 0.0418233350 -0.9690218321 0.2432525369 0.0301887016 0.0000000000 0.0000000000 0.1054939453
-0.7290661335 -0.0077280058 -0.0001925975 0.0977382436 -0.0027261309 -0.2494539446 0.0359836111 -0.1230972202 -0.0228932706 -0.1065215097 0.0321391365 -0.9849095695 0.1706730535 0.0287027655 -0.1717369716 -0.9843330599 -0.0399354441 0.0214371768 -0.0442621271 0.9987899236 0.1122704872 -0.2875007545 0.2744264703 -0.0100050932 -0.0004277616 -0.0058505181 0.0743525177 0.0126765128 -0.1643788218 0.0412869379 -0.0971704349 0.4069592357 -0.0622261874 0.0424086154 -0.9690815967 0.2426668445 0.0315535064 0.0000000000 0.0000000000 0.1065178411
-0.7297377586 -0.0070347073 -0.0004053861 0.0975189209 -0.0028074309 -0.2495651801 0.0354444686 -0.1229359303 -0.0218067433 -0.1086969284 0.0323181786 -0.9851116315 0.1692619907 0.0300907297 -0.1703760946 -0.9845910123 -0.0394020924 0.0229577854 -0.0439422005 0.9987702554 0.1165521981 -0.2896535970 0.2732632859 -0.0104251951 -0.0004563731 -0.0059789331 0.0751923621 0.0130472509 -0.1623342037 0.0409717076 -0.0969569311 0.4108813703 -0.0638699159 0.0429933816 -0.9691379263 0.2420756534 0.0329270893 0.0000000000 0.0000000000 0.1075289244
-0.7303105593 -0.0063176360 -0.0006251484 0.0972929522 -0.0031777513 -0.2496707665 0.0348945140 -0.1227741338 -0.0206479715 -0.1108506407 0.0323703175 -0.9853083851 0.1678563985 0.0314899290 -0.1690193747 -0.9848467630 -0.0388497673 0.0244915726 -0.0436014096 0.9987487572 0.1206084820 -0.2916514770 0.2720716784 -0.0108559914 -0.0004861501 -0.0061075939 0.0760212094 0.0134220701 -0.1602701098 0.0406482108 -0.0967404991 0.4147448540 -0.0655315816 0.0435776189 -0.9691907546 0.2414790833 0.0343087628 0.0000000000 0.0000000000 0.1085285737
-0.7307931185 -0.0055839284 -0.0008469818 0.0970598608 -0.0034994341 -0.2497703405 0.0343338563 -0.1226124098 -0.0194162545 -0.1129825211 0.0323137586 -0.9854997546 0.1664567524 0.0328995938 -0.1676671777 -0.9851001923 -0.0382796128 0.0260374961 -0.0432407311 0.9987253316 0.1244293182 -0.2934861204 0.2707545276 -0.0112975510 -0.0005171055 -0.0062365145 0.0768387169 0.0138009116 -0.1581868529 0.0403163619 -0.0965211540 0.4185494483 -0.0672110692 0.0441613309 -0.9692400275 0.2408772488 0.0356977946 0.0000000000 0.0000000000 0.1095181682
