# Actions and States
# action[0], ..., state[0], ..., command[0], ...
-0.8795118928 0.0590309277 -0.1040137857 0.1364061534 0.0825939849 0.3308125049 -0.1525054781 0.4979822885 0.0000000000 0.0000000000 0.0000000000 0.3420352785 0.9396871119 0.0000000000 -0.9396871119 0.3420352785 0.0000000000 0.0000000000 0.0000000000 1.0000000000 0.0000000000 0.0000000000 0.0000000000 -0.0000000447 0.0000000001 -0.0000000084 -0.0000044806 -0.0000000112 0.3308837712 -0.1525056660 0.4979956746 0.0142333200 -0.0000559212 0.0026756944 0.3420185176 0.9396932125 0.0000000000 0.0000000000 0.0000000000 0.0035585629
-0.8648522496 0.0471636131 -0.0851635411 0.1319687814 0.0741837546 0.3308125041 -0.1525054792 0.4979280024 -0.0000005505 -0.0000007417 -0.0217144572 0.3419750369 0.9397090152 0.0002019958 -0.9397090285 0.3419750547 -0.0000601828 -0.0001256318 -0.0001692363 0.9999999778 -0.0240700120 -0.0807812174 0.0256380103 -0.0000002675 0.0000000006 -0.0000001859 0.0000462512 0.0000000932 0.3309726417 -0.1525060982 0.4980123937 0.0213073548 -0.0001256075 0.0040135011 0.3419976138 0.9397007771 0.0002019973 0.0000000000 0.0000000000 0.0053324824
-0.8458513021 0.0347678326 -0.0649262965 0.1271919459 0.0641772524 0.3308124855 -0.1525055043 0.4977433317 -0.0000071584 -0.0000096342 -0.0467252198 0.3417701041 0.9397831879 0.0008692450 -0.9397834338 0.3417704343 -0.0002602704 -0.0005416800 -0.0007279495 0.9999995883 -0.0498998867 -0.1659452567 0.0550873818 -0.0000008460 0.0000000025 -0.0000010277 0.0002417614 0.0000008132 0.3310967982 -0.1525069624 0.4980358183 0.0283521842 -0.0002229196 0.0053512584 0.3419679936 0.9397107959 0.0008692995 0.0000000000 0.0000000000 0.0071332388
-0.8269977570 0.0256762095 -0.0483514629 0.1231901199 0.0552577190 0.3308123926 -0.1525056291 0.4974431819 -0.0000287763 -0.0000386448 -0.0684391525 0.3414363927 0.9399029610 0.0019009571 -0.9399041331 0.3414379773 -0.0005729835 -0.0011876078 -0.0015910800 0.9999980290 -0.0700354364 -0.2305587306 0.0808014307 -0.0000019574 0.0000000074 -0.0000031819 0.0005644048 0.0000028285 0.3312561214 -0.1525083780 0.4980659187 0.0353672169 -0.0003477141 0.0066889506 0.3419287672 0.9397220273 0.0019012540 0.0000000000 0.0000000000 0.0089783137
-0.8089279532 0.0189852100 -0.0349136777 0.1198718771 0.0474011041 0.3308121210 -0.1525059932 0.4970447728 -0.0000752520 -0.0001008314 -0.0867198828 0.3409906737 0.9400612219 0.0032030384 -0.9400645395 0.3409951873 -0.0009714843 -0.0020054754 -0.0026797957 0.9999943984 -0.0850870412 -0.2783313356 0.1029957934 -0.0000037783 0.0000000167 -0.0000072163 0.0009955168 0.0000067279 0.3314504325 -0.1525104791 0.4981026947 0.0423518680 -0.0004998477 0.0080265617 0.3418789270 0.9397330838 0.0032039404 0.0000000000 0.0000000000 0.0108658892
-0.7920622826 0.0138036786 -0.0239675920 0.1171180829 0.0404995158 0.3308115168 -0.1525068018 0.4965649584 -0.0001564334 -0.0002092261 -0.1016868667 0.3404478194 0.9402516466 0.0047035412 -0.9402587868 0.3404575742 -0.0014332085 -0.0029489329 -0.0039346133 0.9999879112 -0.0958821802 -0.3132328488 0.1220823268 -0.0000064855 0.0000000318 -0.0000136132 0.0015185549 0.0000130119 0.3316795826 -0.1525134146 0.4981461763 0.0493055619 -0.0006791771 0.0093640750 0.3418176010 0.9397427532 0.0047055784 0.0000000000 0.0000000000 0.0127851150
-0.7767159343 0.0095817493 -0.0150215952 0.1148327217 0.0344479233 0.3308103786 -0.1525083230 0.4960197265 -0.0002815115 -0.0003760748 -0.1135438949 0.3398209724 0.9404687257 0.0063468570 -0.9404817167 0.3398387548 -0.0019394110 -0.0039808634 -0.0053100505 0.9999779778 -0.1031456209 -0.3380565555 0.1384355434 -0.0000102555 0.0000000537 -0.0000227732 0.0021190001 0.0000221033 0.3319434226 -0.1525173187 0.4981963336 0.0562277213 -0.0008855590 0.0107014738 0.3417441497 0.9397501113 0.0063506971 0.0000000000 0.0000000000 0.0147219309
-0.7630866170 0.0060137529 -0.0077054170 0.1129377410 0.0291494373 0.3308084622 -0.1525108821 0.4954238551 -0.0004584686 -0.0006121797 -0.1225559335 0.3391217631 0.9407077142 0.0080886418 -0.9407288202 0.3391506496 -0.0024746043 -0.0050711475 -0.0067700262 0.9999642245 -0.1074971176 -0.3547457730 0.1523883210 -0.0000152655 0.0000000825 -0.0000350196 0.0027841511 0.0000343568 0.3322418034 -0.1525223255 0.4982531965 0.0631177798 -0.0011188502 0.0120387422 0.3416581925 0.9397545505 0.0080950516 0.0000000000 0.0000000000 0.0166621453
-0.7512558103 0.0029392904 -0.0017331225 0.1113679782 0.0245168544 0.3308054886 -0.1525148530 0.4947906677 -0.0006936906 -0.0009264123 -0.1290281997 0.3383604943 0.9409645650 0.0098925896 -0.9409961725 0.3384036737 -0.0030260562 -0.0061951003 -0.0082849910 0.9999464884 -0.1094618905 -0.3647184944 0.1642353628 -0.0000216931 0.0000001173 -0.0000506057 0.0035029224 0.0000500674 0.3325745463 -0.1525285542 0.4983167350 0.0699751601 -0.0013789077 0.0133758644 0.3415595994 0.9397557740 0.0099023940 0.0000000000 0.0000000000 0.0185929907
-0.7412023544 0.0002782792 0.0031244354 0.1100678965 0.0204718709 0.3308011518 -0.1525206471 0.4941318964 -0.0009917713 -0.0013254398 -0.1332849701 0.3375462993 0.9412358571 0.0117284780 -0.9412803684 0.3376069131 -0.0035833482 -0.0073323910 -0.0098302402 0.9999247984 -0.1094814730 -0.3690752106 0.1742372164 -0.0000297164 0.0000001558 -0.0000697219 0.0042656548 0.0000694783 0.3329415023 -0.1525361538 0.4983869493 0.0767993107 -0.0016655884 0.0147128236 0.3414484664 0.9397537712 0.0117425220 0.0000000000 0.0000000000 0.0205038193
-0.7328255177 -0.0020101564 0.0070548230 0.1089898199 0.0169449318 0.3307951285 -0.1525287025 0.4934576446 -0.0013554977 -0.0018136680 -0.1356504095 0.3366872762 0.9415187235 0.0135709765 -0.9415784621 0.3367682834 -0.0041379893 -0.0084662689 -0.0113849308 0.9998993478 -0.1079236162 -0.3687205399 0.1826239783 -0.0000395146 0.0000001941 -0.0000925043 0.0050639468 0.0000927874 0.3333424926 -0.1525452584 0.4984638393 0.0835896656 -0.0019787492 0.0160496030 0.3413250803 0.9397487809 0.0135900926 0.0000000000 0.0000000000 0.0223862970
-0.7259736657 -0.0039504301 0.0102152247 0.1080922484 0.0138747729 0.3307870864 -0.1525394729 0.4927764354 -0.0017859798 -0.0023933673 -0.1364332507 0.3357906016 0.9418107805 0.0153988861 -0.9418879118 0.3358946715 -0.0046830815 -0.0095829804 -0.0129314900 0.9998704631 -0.1050919899 -0.3644301920 0.1895987752 -0.0000512673 0.0000002272 -0.0001190420 0.0058905007 0.0001201532 0.3337773383 -0.1525559872 0.4985474348 0.0903456733 -0.0023182472 0.0173861869 0.3411898801 0.9397412477 0.0154238684 0.0000000000 0.0000000000 0.0242343176
-0.7204662561 -0.0055632689 0.0127381198 0.1073400006 0.0112071112 0.3307766924 -0.1525534176 0.4920953219 -0.0022828709 -0.0030649196 -0.1359164853 0.3348626285 0.9421100601 0.0171946089 -0.9422065290 0.3349920612 -0.0052130316 -0.0106713070 -0.0144552233 0.9998385718 -0.1012351012 -0.3568857623 0.1953410182 -0.0000651551 0.0000002481 -0.0001493855 0.0067389850 0.0001517003 0.3342458904 -0.1525684744 0.4986377060 0.0970667899 -0.0026839396 0.0187225584 0.3410434179 0.9397317744 0.0172261925 0.0000000000 0.0000000000 0.0260437622
-0.7161157131 -0.0068726316 0.0147363301 0.1067029238 0.0088940896 0.3307636185 -0.1525709927 0.4914200352 -0.0028446312 -0.0038271364 -0.1343513002 0.3339089704 0.9424149482 0.0189437316 -0.9425324344 0.3340656429 -0.0057233079 -0.0117221808 -0.0159440176 0.9998041702 -0.0965547424 -0.3466915026 0.2000091703 -0.0000813595 0.0000002482 -0.0001835533 0.0076039191 0.0001875236 0.3347479403 -0.1525828689 0.4987346530 0.1037524715 -0.0030756835 0.0200587027 0.3408863212 0.9397210748 0.0189825778 0.0000000000 0.0000000000 0.0278121953
-0.7127401233 -0.0079038134 0.0163045079 0.1061555445 0.0068935258 0.3307475474 -0.1525926447 0.4907551520 -0.0034687946 -0.0046775897 -0.1319549978 0.3329345748 0.9427241271 0.0206346594 -0.9428640188 0.3331199110 -0.0062102366 -0.0127283558 -0.0173880754 0.9997677949 -0.0912136468 -0.3343806493 0.2037432140 -0.0001000625 0.0000002175 -0.0002215379 0.0084805656 0.0002276924 0.3352833390 -0.1525992751 0.4988383055 0.1104021743 -0.0034933360 0.0213946030 0.3407192600 0.9397099292 0.0206813453 0.0000000000 0.0000000000 0.0295385473
-0.7101726532 -0.0086864391 0.0175229553 0.1056769788 0.0051679746 0.3307281764 -0.1526188052 0.4901042627 -0.0041522128 -0.0056129265 -0.1289115623 0.3319437888 0.9430365265 0.0222582748 -0.9431999077 0.3321587482 -0.0066708332 -0.0136841201 -0.0187796611 0.9997299981 -0.0853423470 -0.3204210171 0.2066668303 -0.0001214469 0.0000001442 -0.0002633116 0.0093648415 0.0002722540 0.3358519077 -0.1526178420 0.4989486039 0.1170153618 -0.0039367550 0.0227302425 0.3405429190 0.9396991465 0.0223132864 0.0000000000 0.0000000000 0.0312228175
-0.7082655430 -0.0092506679 0.0184588619 0.1052495539 0.0036847424 0.3307052198 -0.1526498868 0.4894701315 -0.0048912628 -0.0066291442 -0.1253740590 0.3309404181 0.9433512798 0.0238076173 -0.9435389319 0.3311855010 -0.0071026657 -0.0145850465 -0.0201128546 0.9996913271 -0.0790450799 -0.3052171767 0.2088892263 -0.0001456960 0.0000000153 -0.0003088308 0.0102532329 0.0003212367 0.3364534378 -0.1526386887 0.4990656078 0.1235915050 -0.0044057975 0.0240656044 0.3403579743 0.9396895313 0.0238713442 0.0000000000 0.0000000000 0.0328658123
-0.7068914175 -0.0096266726 0.0191664174 0.1048593819 0.0024143411 0.3306784113 -0.1526862806 0.4888548417 -0.0056820149 -0.0077218184 -0.1214679589 0.3299277805 0.9436676872 0.0252775749 -0.9438801001 0.3302030442 -0.0075037438 -0.0154277727 -0.0213833064 0.9996523086 -0.0724047476 -0.2891144724 0.2105068982 -0.0001729936 -0.0000001838 -0.0003580396 0.0111427307 0.0003746524 0.3370877504 -0.1526619494 0.4991892576 0.1301300824 -0.0049003209 0.0254006721 0.3401650771 0.9396818594 0.0253503087 0.0000000000 0.0000000000 0.0344689237
-0.7059433460 -0.0098430542 0.0196916182 0.1044952273 0.0013312093 0.3306475045 -0.1527283552 0.4882599223 -0.0065203628 -0.0088862860 -0.1172947998 0.3289087548 0.9439851852 0.0266646026 -0.9442225760 0.3292138392 -0.0078724304 -0.0162098138 -0.0225880085 0.9996134372 -0.0654876071 -0.2724040817 0.2116049223 -0.0002035238 -0.0000004688 -0.0004108731 0.0120307636 0.0004324992 0.3377546668 -0.1526877284 0.4993196130 0.1366305649 -0.0054201828 0.0267354306 0.3399648402 0.9396768592 0.0267465349 0.0000000000 0.0000000000 0.0360339636
-0.7048364878 -0.0091183307 0.0202712063 0.1040902659 0.0004123449 0.3306122741 -0.1527764551 0.4876864569 -0.0074021191 -0.0101177815 -0.1129359051 0.3278858257 0.9443033211 0.0279664643 -0.9445656571 0.3282199847 -0.0082073725 -0.0169294016 -0.0237250806 0.9995751677 -0.0583463794 -0.2553280257 0.2122583605 -0.0002374710 -0.0000008566 -0.0004672601 0.0129151475 0.0004947630 0.3384540081 -0.1527161896 0.4994566143 0.1430924386 -0.0059652408 0.0280698650 0.3397578304 0.9396751991 0.0280576864 0.0000000000 0.0000000000 0.0375630176
-0.7032383084 -0.0072171628 0.0210938156 0.1036044955 -0.0003626942 0.3305725124 -0.1528309055 0.4871353545 -0.0083243308 -0.0114133083 -0.1083836487 0.3268610981 0.9446216931 0.0291835486 -0.9449087638 0.3272232531 -0.0085070952 -0.0175855224 -0.0247951523 0.9995378681 -0.0508827532 -0.2387033358 0.2125333054 -0.0002750197 -0.0000013652 -0.0005271242 0.0137940422 0.0005614201 0.3391855359 -0.1527474225 0.4996003211 0.1495151818 -0.0065353531 0.0294039585 0.3395445309 0.9396773956 0.0292840452 0.0000000000 0.0000000000 0.0390540548
-0.7019780278 -0.0058346996 0.0219058208 0.1031334028 -0.0010145303 0.3305280231 -0.1528920226 0.4866077894 -0.0092852268 -0.0127717455 -0.1035607864 0.3258362819 0.9449398549 0.0303214121 -0.9452514358 0.3262251114 -0.0087692546 -0.0181780242 -0.0258040170 0.9995017319 -0.0428827654 -0.2236344287 0.2124878069 -0.0003163544 -0.0000020135 -0.0005903838 0.0146659417 0.0006324381 0.3399490714 -0.1527815908 0.4997506738 0.1558983177 -0.0071303770 0.0307376888 0.3393252771 0.9396836364 0.0304310385 0.0000000000 0.0000000000 0.0405011007
-0.7010378838 -0.0049131750 0.0226797312 0.1026829630 -0.0015633689 0.3304786225 -0.1529601120 0.4861050814 -0.0102811257 -0.0141897044 -0.0984985397 0.3248127694 0.9452573523 0.0313879393 -0.9455933133 0.3252267648 -0.0089909627 -0.0187069715 -0.0267598460 0.9994668378 -0.0343583763 -0.2099130102 0.2121719121 -0.0003616595 -0.0000028212 -0.0006569512 0.0155296177 0.0007077777 0.3407444656 -0.1528187692 0.4999076724 0.1622413099 -0.0077501703 0.0320710503 0.3391003109 0.9396938933 0.0315064018 0.0000000000 0.0000000000 0.0419048613
-0.7003964186 -0.0043071206 0.0233658031 0.1022595540 -0.0020237537 0.3304241486 -0.1530354597 0.4856282497 -0.0113077257 -0.0156633141 -0.0932556765 0.3237917632 0.9455738382 0.0323884339 -0.9459341054 0.3242292162 -0.0091697123 -0.0191719166 -0.0276682469 0.9994332923 -0.0253846768 -0.1970508349 0.2116277396 -0.0004111195 -0.0000038091 -0.0007267325 0.0163840577 0.0007873944 0.3415714204 -0.1528591216 0.5000713468 0.1685436815 -0.0083945915 0.0334040187 0.3388698953 0.9397082029 0.0325152906 0.0000000000 0.0000000000 0.0432682255
-0.7000240088 -0.0039084204 0.0239336975 0.1018661484 -0.0024070693 0.3303644610 -0.1531183327 0.4851780308 -0.0123606417 -0.0171888736 -0.0878871868 0.3227743056 0.9458890600 0.0333261723 -0.9462735761 0.3232333002 -0.0093033800 -0.0195720940 -0.0285327843 0.9994012274 -0.0160365900 -0.1847103723 0.2108913066 -0.0004649183 -0.0000049987 -0.0007996298 0.0172284208 0.0008712386 0.3424298167 -0.1529027671 0.5002416968 0.1748049259 -0.0090634981 0.0347365774 0.3386343096 0.9397266662 0.0334608362 0.0000000000 0.0000000000 0.0445943473
-0.6998864412 -0.0036447297 0.0243707020 0.1015025601 -0.0027229718 0.3302994413 -0.1532089802 0.4847549012 -0.0134354476 -0.0187628267 -0.0824429607 0.3217612931 0.9462028397 0.0342031631 -0.9466115333 0.3222397073 -0.0093902158 -0.0199066662 -0.0293557007 0.9993707858 -0.0063865942 -0.1726875362 0.2099939858 -0.0005232398 -0.0000064120 -0.0008755419 0.0180620197 0.0009592574 0.3433194160 -0.1529497951 0.5004187226 0.1810245663 -0.0097567495 0.0360687152 0.3383938336 0.9397494253 0.0343449062 0.0000000000 0.0000000000 0.0458865785
-0.6999483109 -0.0034673745 0.0246739965 0.1011673510 -0.0029796273 0.3302289935 -0.1533076336 0.4843591054 -0.0145277229 -0.0203817627 -0.0769668261 0.3207534870 0.9465150567 0.0350206786 -0.9469478205 0.3212490040 -0.0094288252 -0.0201748831 -0.0301384267 0.9993421083 0.0034971299 -0.1608671191 0.2089633054 -0.0005862671 -0.0000080719 -0.0009543661 0.0188842919 0.0010513944 0.3442400098 -0.1530003697 0.5006024241 0.1872021109 -0.0104742022 0.0374004133 0.3381487347 0.9397766426 0.0351686378 0.0000000000 0.0000000000 0.0471483974
-0.7001748085 -0.0033441395 0.0248476677 0.1008581445 -0.0031838310 0.3301530432 -0.1534145082 0.4839906882 -0.0156330919 -0.0220424216 -0.0714962094 0.3197515243 0.9468256350 0.0357795980 -0.9472823097 0.3202616497 -0.0094181434 -0.0203761727 -0.0308819145 0.9993153251 0.0135514924 -0.1491911984 0.2078235491 -0.0006541828 -0.0000100014 -0.0010359988 0.0196947921 0.0011475907 0.3451913595 -0.1530545801 0.5007927418 0.1933370680 -0.0112157157 0.0387316570 0.3378992587 0.9398084866 0.0359327813 0.0000000000 0.0000000000 0.0483833487
-0.7005347610 -0.0032536273 0.0248999670 0.1005721614 -0.0033419009 0.3300715380 -0.1535298032 0.4836495263 -0.0167472560 -0.0237417006 -0.0660621809 0.3187559270 0.9471345327 0.0364806249 -0.9476148961 0.3192780100 -0.0093574090 -0.0205101865 -0.0315868540 0.9992905498 0.0237189255 -0.1376376299 0.2065962932 -0.0007271688 -0.0000122244 -0.0011203364 0.0204931591 0.0012477858 0.3461732864 -0.1531125605 0.5009897351 0.1994289905 -0.0119811473 0.0400624275 0.3376456239 0.9398451212 0.0366379181 0.0000000000 0.0000000000 0.0495949850
-0.7009996772 -0.0031823856 0.0248409063 0.1003062427 -0.0034589630 0.3299844465 -0.1536537028 0.4833353585 -0.0178660123 -0.0254766520 -0.0606900072 0.3177671117 0.9474417344 0.0371244206 -0.9479454928 0.3182983689 -0.0092461351 -0.0205768168 -0.0322538095 0.9992678752 0.0339475722 -0.1262058439 0.2053006512 -0.0008054059 -0.0000147647 -0.0012072765 0.0212791208 0.0013519169 0.3471855819 -0.1531744301 0.5011933446 0.2054774016 -0.0127703575 0.0413927101 0.3373880167 0.9398866987 0.0372845950 0.0000000000 0.0000000000 0.0507868103
-0.7015451193 -0.0031216042 0.0246819481 0.1000573412 -0.0035399050 0.3298917581 -0.1537863769 0.4830478137 -0.0189852703 -0.0272444838 -0.0553996749 0.3167853981 0.9477472451 0.0377116808 -0.9482740278 0.3173229391 -0.0090840817 -0.0205761948 -0.0328833030 0.9992473711 0.0441910171 -0.1149071488 0.2039536700 -0.0008890742 -0.0000176468 -0.0012967180 0.0220524836 0.0014599210 0.3482280076 -0.1532403082 0.5014036298 0.2114818245 -0.0135832028 0.0427224897 0.3371265900 0.9399333550 0.0378734004 0.0000000000 0.0000000000 0.0519622413
-0.7021509409 -0.0030665004 0.0244337711 0.0998228714 -0.0035886015 0.3297934822 -0.1539279819 0.4827864347 -0.0201010595 -0.0290425537 -0.0502065795 0.3158110177 0.9480510855 0.0382431753 -0.9486004403 0.3163518706 -0.0088712286 -0.0205086779 -0.0334758613 0.9992290833 0.0544081685 -0.1037586927 0.2025704852 -0.0009783527 -0.0000208950 -0.0013885623 0.0228131022 0.0015717336 0.3493003249 -0.1533103138 0.5016205907 0.2174418122 -0.0144195436 0.0440517440 0.3368614622 0.9399852072 0.0384050047 0.0000000000 0.0000000000 0.0531245656
-0.7027990818 -0.0030128865 0.0241073146 0.0996001735 -0.0036089860 0.3296896479 -0.1540786614 0.4825506990 -0.0212095323 -0.0308683593 -0.0451222981 0.3148441216 0.9483532880 0.0387197639 -0.9489246784 0.3153852585 -0.0086077504 -0.0203748312 -0.0340320399 0.9992130336 0.0645626181 -0.0927792999 0.2011646426 -0.0010734191 -0.0000245341 -0.0014827128 0.0235608984 0.0016872897 0.3504023254 -0.1533845365 0.5018441677 0.2233569026 -0.0152792372 0.0453804657 0.3365927178 0.9400423523 0.0388801760 0.0000000000 0.0000000000 0.0542769257
-0.7034759521 -0.0029598314 0.0237122271 0.0993867889 -0.0036040985 0.3295803028 -0.1542385470 0.4823400367 -0.0223069685 -0.0327195360 -0.0401550504 0.3138847885 0.9486538948 0.0391423994 -0.9492466974 0.3144231498 -0.0082939943 -0.0201754065 -0.0345524347 0.9991992205 0.0746224974 -0.0819881824 0.1997481500 -0.0011744495 -0.0000285889 -0.0015790762 0.0242958385 0.0018065240 0.3515338302 -0.1534631401 0.5020743608 0.2292266488 -0.0161621440 0.0467086323 0.3363204085 0.9401048667 0.0392997834 0.0000000000 0.0000000000 0.0554222881
-0.7041697502 -0.0029053756 0.0232585147 0.0991806313 -0.0035770978 0.3294655130 -0.1544077588 0.4821538447 -0.0233897724 -0.0345938423 -0.0353104258 0.3129330312 0.9489529546 0.0395121231 -0.9495664575 0.3134655492 -0.0079304585 -0.0199113214 -0.0350376844 0.9991876200 0.0845597837 -0.0714024921 0.1983317416 -0.0012816192 -0.0000330841 -0.0016775611 0.0250179283 0.0019293719 0.3526945412 -0.1535461992 0.5023112297 0.2350506186 -0.0170681216 0.0480362326 0.3360445545 0.9401728068 0.0396647921 0.0000000000 0.0000000000 0.0565634413
-0.7048705220 -0.0028487665 0.0227538552 0.0989799201 -0.0035304877 0.3293453621 -0.1545864059 0.4819914991 -0.0244544720 -0.0364891544 -0.0305918070 0.3119888034 0.9492505219 0.0398300540 -0.9498839233 0.3125124243 -0.0075177734 -0.0195836371 -0.0354884669 0.9991781873 0.0943503352 -0.0610375671 0.1969249040 -0.0013951015 -0.0000380447 -0.0017780804 0.0257272124 0.0020557675 0.3538842499 -0.1536338627 0.5025547743 0.2408283502 -0.0179970320 0.0493632443 0.3357651466 0.9402462097 0.0399762522 0.0000000000 0.0000000000 0.0577029694
-0.7055714130 -0.0027901160 0.0222065598 0.0987829193 -0.0034667710 0.3292199507 -0.1547745874 0.4818523644 -0.0254977188 -0.0384034606 -0.0260007048 0.3110520061 0.9495466548 0.0400973795 -0.9501990621 0.3115637104 -0.0070566842 -0.0191935392 -0.0359054966 0.9991708579 0.1039731452 -0.0509068226 0.1955360653 -0.0015150683 -0.0000434952 -0.0018805494 0.0264237616 0.0021856469 0.3551027477 -0.1537262052 0.5028048754 0.2465594113 -0.0189487301 0.0506896563 0.3354821485 0.9403250943 0.0402352900 0.0000000000 0.0000000000 0.0588432612
-0.7062667012 -0.0027290441 0.0216232501 0.0985882878 -0.0033879746 0.3290893959 -0.1549723924 0.4817358022 -0.0265162820 -0.0403348481 -0.0215372768 0.3101224933 0.9498414142 0.0403153434 -0.9505118435 0.3106193147 -0.0065480355 -0.0187423196 -0.0362895183 0.9991655500 0.1134102462 -0.0410208136 0.1941726425 -0.0016416897 -0.0000494604 -0.0019848866 0.0271076877 0.0023189452 0.3563497663 -0.1538233757 0.5030616522 0.2522433698 -0.0199230798 0.0520154536 0.3351954985 0.9404094623 0.0404430953 0.0000000000 0.0000000000 0.0599865001
-0.7069507837 -0.0026654091 0.0210101381 0.0983946919 -0.0032962442 0.3289538305 -0.1551799009 0.4816411765 -0.0275070455 -0.0422814963 -0.0172006053 0.3092000773 0.9501348631 0.0404852334 -0.9508222388 0.3096791195 -0.0059927568 -0.0182313586 -0.0366412994 0.9991621654 0.1226462925 -0.0313879480 0.1928411867 -0.0017751339 -0.0000559649 -0.0020910138 0.0277791154 0.0024555994 0.3576250970 -0.1539254785 0.5033250451 0.2578798532 -0.0209199358 0.0533406138 0.3349051125 0.9404992995 0.0406009085 0.0000000000 0.0000000000 0.0611346688
-0.7076210976 -0.0025988759 0.0203728192 0.0982009023 -0.0031931887 0.3288134025 -0.1553971838 0.4815678587 -0.0284670088 -0.0442416766 -0.0129887569 0.3082845335 0.9504270654 0.0406083710 -0.9511302205 0.3087429865 -0.0053918508 -0.0176621106 -0.0369616246 0.9991605918 0.1316683065 -0.0220146669 0.1915473815 -0.0019155677 -0.0000630328 -0.0021988561 0.0284381919 0.0025955457 0.3589284718 -0.1540326178 0.5035950541 0.2634683549 -0.0219391622 0.0546651259 0.3346108857 0.9405945776 0.0407100105 0.0000000000 0.0000000000 0.0622895514
-0.7082744837 -0.0025292283 0.0197161511 0.0980061889 -0.0030805967 0.3286682746 -0.1556243040 0.4815152322 -0.0293932795 -0.0462137379 -0.0088992292 0.3073756056 0.9507180855 0.0406861029 -0.9514357617 0.3078107587 -0.0047463813 -0.0170360908 -0.0372512915 0.9991607042 0.1404654823 -0.0129057987 0.1902961996 -0.0020631549 -0.0000706883 -0.0023083414 0.0290850829 0.0027387226 0.3602596819 -0.1541449130 0.5038716793 0.2690085173 -0.0229806174 0.0559889674 0.3343126951 0.9406952549 0.0407717141 0.0000000000 0.0000000000 0.0634527361
-0.7089090347 -0.0024563100 0.0190443471 0.0978095755 -0.0029596600 0.3285186236 -0.1558613159 0.4814826943 -0.0302830727 -0.0481961058 -0.0049289747 0.3064730092 0.9510079879 0.0407197938 -0.9517388366 0.3068822639 -0.0040574635 -0.0163548627 -0.0375111061 0.9991623669 0.1490289241 -0.0040647832 0.1890918884 -0.0022180588 -0.0000789552 -0.0024194007 0.0297199711 0.0028850683 0.3616184890 -0.1542624682 0.5041549206 0.2744999230 -0.0240441598 0.0573121309 0.3340104017 0.9408012778 0.0407873557 0.0000000000 0.0000000000 0.0646256223
-0.7095235586 -0.0023801655 0.0183615610 0.0976104811 -0.0028318686 0.3283646402 -0.1561082668 0.4814696587 -0.0311337078 -0.0501872767 -0.0010745623 0.3055764362 0.9512968363 0.0407108203 -0.9520394195 0.3059573168 -0.0033262547 -0.0156200289 -0.0377418807 0.9991654343 0.1573513923 0.0045061457 0.1879381414 -0.0023804391 -0.0000878570 -0.0025319681 0.0303430539 0.0030345232 0.3630045950 -0.1543853879 0.5044448376 0.2799421549 -0.0251296498 0.0586345941 0.3337038523 0.9409125816 0.0407582897 0.0000000000 0.0000000000 0.0658094302
-0.7101165056 -0.0023006683 0.0176709369 0.0974082202 -0.0026984746 0.3282065277 -0.1563651961 0.4814755572 -0.0319426051 -0.0521858121 0.0026676734 0.3046855582 0.9515846936 0.0406605647 -0.9523374855 0.3050357211 -0.0025539463 -0.0148332208 -0.0379444294 0.9991697533 0.1654272236 0.0128060529 0.1868380532 -0.0025504539 -0.0000974168 -0.0026459806 0.0309545342 0.0031870268 0.3644178212 -0.1545137912 0.5047413111 0.2853348255 -0.0262369495 0.0599563420 0.3333928818 0.9410290922 0.0406858815 0.0000000000 0.0000000000 0.0670052046
-0.7106881142 -0.0022174381 0.0169757977 0.0972022265 -0.0025603119 0.3280445025 -0.1566321366 0.4814998405 -0.0327072853 -0.0541903386 0.0063016579 0.3038000295 0.9518716216 0.0405704096 -0.9526330099 0.3041172714 -0.0017417565 -0.0139960908 -0.0381195658 0.9991751639 0.1732520410 0.0208348967 0.1857941710 -0.0027282590 -0.0001076576 -0.0027613780 0.0315546282 0.0033425221 0.3658578694 -0.1546477973 0.5050443411 0.2906775475 -0.0273659173 0.0612773634 0.3330773151 0.9411507264 0.0405715022 0.0000000000 0.0000000000 0.0682138288
-0.7112378478 -0.0021304605 0.0162783787 0.0969921649 -0.0024186922 0.3278787927 -0.1569091143 0.4815419792 -0.0334253637 -0.0561995376 0.0098313292 0.3029194910 0.9521576802 0.0404417348 -0.9529259687 0.3032017553 -0.0008909239 -0.0131103050 -0.0382681011 0.9991815012 0.1808227619 0.0285932372 0.1848086443 -0.0029140080 -0.0001186016 -0.0028781025 0.0321435593 0.0035009515 0.3673245013 -0.1547874957 0.5053540468 0.2959699035 -0.0285164118 0.0625976324 0.3327569686 0.9412773936 0.0404165247 0.0000000000 0.0000000000 0.0694360266
-0.7117652297 -0.0020395489 0.0155813601 0.0967777446 -0.0022742113 0.3277096383 -0.1571961487 0.4816014637 -0.0340945500 -0.0582121465 0.0132606859 0.3020435722 0.9524429281 0.0402759145 -0.9532163385 0.3022889543 -0.0000027018 -0.0121775374 -0.0383908437 0.9991885962 0.1881372657 0.0360821921 0.1838831106 -0.0031078518 -0.0001302709 -0.0029960987 0.0327215530 0.0036622589 0.3688174784 -0.1549329907 0.5056703687 0.3012115061 -0.0296882968 0.0639171451 0.3324316521 0.9414089961 0.0402223210 0.0000000000 0.0000000000 0.0706723794
-0.7122704983 -0.0019444948 0.0148867397 0.0965586752 -0.0021280018 0.3275372904 -0.1574932533 0.4816778047 -0.0347126463 -0.0602269575 0.0165938060 0.3011718942 0.9527274214 0.0400743146 -0.9535040965 0.3013786463 0.0009216471 -0.0111994642 -0.0384885974 0.9991962770 0.1951944543 0.0433034009 0.1830188826 -0.0033099388 -0.0001426869 -0.0031153150 0.0332888439 0.0038263896 0.3703365326 -0.1550844014 0.5059932470 0.3064020276 -0.0308814328 0.0652358755 0.3321011703 0.9415454303 0.0399902592 0.0000000000 0.0000000000 0.0719233283
-0.7127544880 -0.0018453652 0.0141963661 0.0963345394 -0.0019806002 0.3273620107 -0.1578004355 0.4817705330 -0.0352775445 -0.0622428133 0.0198347411 0.3003040722 0.9530112144 0.0398382913 -0.9537892207 0.3004706058 0.0018808553 -0.0101777594 -0.0385621613 0.9992043700 0.2019940899 0.0502588033 0.1822168382 -0.0035204152 -0.0001558709 -0.0032357003 0.0338456705 0.0039932895 0.3718814254 -0.1552418470 0.5063226819 0.3115410507 -0.0320956782 0.0665538087 0.3317653245 0.9416865872 0.0397217015 0.0000000000 0.0000000000 0.0731891854
-0.7132166624 -0.0017419291 0.0135119380 0.0961052775 -0.0018326619 0.3271840715 -0.1581176971 0.4818791997 -0.0357872224 -0.0642586008 0.0229874040 0.2994397175 0.9532943590 0.0395691890 -0.9540716896 0.2995646060 0.0028736544 -0.0091140900 -0.0386123293 0.9992127008 0.2085366743 0.0569507723 0.1814775666 -0.0037394240 -0.0001698431 -0.0033572072 0.0343922675 0.0041629071 0.3734518588 -0.1554054022 0.5066587925 0.3166282177 -0.0333308950 0.0678709373 0.3314239136 0.9418323536 0.0394180021 0.0000000000 0.0000000000 0.0744701436
-0.7136577368 -0.0016341195 0.0128342910 0.0958709642 -0.0016849621 0.3270037546 -0.1584450348 0.4820033752 -0.0362397448 -0.0662732574 0.0260557456 0.2985784394 0.9535769046 0.0392683391 -0.9543514833 0.2986604191 0.0038987794 -0.0080101126 -0.0386398891 0.9992210952 0.2148234188 0.0633818616 0.1808013791 -0.0039671063 -0.0001846237 -0.0034797895 0.0349288806 0.0043351902 0.3750476241 -0.1555751860 0.5070014000 0.3216631413 -0.0345869437 0.0691872314 0.3310767357 0.9419826120 0.0390805056 0.0000000000 0.0000000000 0.0757662830
-0.7140790224 -0.0015222940 0.0121651255 0.0956313685 -0.0015377391 0.3268213513 -0.1587824397 0.4821426494 -0.0366332592 -0.0682857643 0.0290436237 0.2977198476 0.9538588982 0.0389370596 -0.9546285823 0.2977578178 0.0049549710 -0.0068674707 -0.0386456232 0.9992293799 0.2208559730 0.0695546365 0.1801882648 -0.0042035994 -0.0002002320 -0.0036034039 0.0354557484 0.0045100898 0.3766684234 -0.1557513028 0.5073506236 0.3266454935 -0.0358636864 0.0705026835 0.3307235891 0.9421372419 0.0387105466 0.0000000000 0.0000000000 0.0770775871
-0.7151894569 -0.0016040937 0.0117342155 0.0954763144 -0.0013918271 0.3266371622 -0.1591298981 0.4822966311 -0.0369659937 -0.0702951406 0.0319546705 0.2968635530 0.9541403841 0.0385766540 -0.9549029688 0.2968565759 0.0060409786 -0.0056877918 -0.0386303078 0.9992373834 0.2266365699 0.0754722364 0.1796380496 -0.0044490392 -0.0002166870 -0.0037280086 0.0359731093 0.0046875561 0.3783139884 -0.1559338570 0.5077064633 0.3315749466 -0.0371609852 0.0718172863 0.3303642736 0.9422961202 0.0383094478 0.0000000000 0.0000000000 0.0784039434
-0.7167715430 -0.0017578285 0.0114464527 0.0953933373 -0.0012474053 0.3264514974 -0.1594873816 0.4824646893 -0.0372357291 -0.0722964617 0.0346894220 0.2960091727 0.9544214261 0.0381878387 -0.9551746266 0.2959564642 0.0071556892 -0.0044723946 -0.0385942042 0.9992449575 0.2322184865 0.0813662145 0.1791503113 -0.0047035571 -0.0002340069 -0.0038535651 0.0364812091 0.0048675425 0.3799840808 -0.1561229527 0.5080688000 0.3364510834 -0.0384786986 0.0731310025 0.3299986049 0.9424591632 0.0378779449 0.0000000000 0.0000000000 0.0797436831
-0.7182048559 -0.0017681848 0.0110831494 0.0953174829 -0.0011049504 0.3262646777 -0.1598548352 0.4826456457 -0.0374406840 -0.0742850368 0.0371542576 0.2951563291 0.9547021277 0.0377702109 -0.9554435411 0.2950572461 0.0082982773 -0.0032219914 -0.0385365931 0.9992519951 0.2376506864 0.0873961247 0.1787246821 -0.0049672830 -0.0002522091 -0.0039800378 0.0369803011 0.0050500017 0.3816784024 -0.1563186795 0.5084377527 0.3412736058 -0.0398166887 0.0744438395 0.3296264241 0.9426263641 0.0374156493 0.0000000000 0.0000000000 0.0810955073
-0.7194787264 -0.0016622379 0.0106569966 0.0952460840 -0.0009653565 0.3260770305 -0.1602321907 0.4828381192 -0.0375797402 -0.0762599417 0.0393536294 0.2943046425 0.9549825895 0.0373233330 -0.9557096969 0.2941586847 0.0094680266 -0.0019371820 -0.0384567555 0.9992583876 0.2429320977 0.0934486587 0.1783606826 -0.0052403430 -0.0002713105 -0.0041073989 0.0374706276 0.0052348892 0.3833967149 -0.1565211415 0.5088132620 0.3460421562 -0.0411748216 0.0757557601 0.3292475695 0.9427977119 0.0369221355 0.0000000000 0.0000000000 0.0824596665
-0.7205947042 -0.0014802505 0.0101883756 0.0951749682 -0.0008282064 0.3258888884 -0.1606193797 0.4830408671 -0.0376518721 -0.0782211743 0.0413160784 0.2934537307 0.9552628773 0.0368475678 -0.9559730775 0.2932605509 0.0106641616 -0.0006188603 -0.0383547208 0.9992639953 0.2480513951 0.0993769980 0.1780573902 -0.0055228611 -0.0002913268 -0.0042356267 0.0379524343 0.0054221614 0.3851387501 -0.1567304581 0.5091953278 0.3507564366 -0.0425529517 0.0770667568 0.3288618604 0.9429731320 0.0363977797 0.0000000000 0.0000000000 0.0838365163
-0.7215594053 -0.0012524866 0.0096919779 0.0951016545 -0.0006936191 0.3257005892 -0.1610163339 0.4832527912 -0.0376560175 -0.0801687608 0.0430703016 0.2926032147 0.9555430295 0.0363438796 -0.9562336655 0.2923626229 0.0118858570 0.0007318559 -0.0382310812 0.9992686570 0.2529998215 0.1050806342 0.1778138227 -0.0058149570 -0.0003122730 -0.0043647052 0.0384259634 0.0056117750 0.3869041800 -0.1569467038 0.5095838904 0.3554160595 -0.0439509489 0.0783768147 0.3284691063 0.9431525026 0.0358435618 0.0000000000 0.0000000000 0.0852261721
-0.7223825455 -0.0009992343 0.0091784848 0.0950240940 -0.0005618929 0.3255124760 -0.1614229852 0.4834729337 -0.0375910814 -0.0821027309 0.0446439706 0.2917527225 0.9558230663 0.0358136118 -0.9564914433 0.2914646855 0.0131322496 0.0021137040 -0.0380867828 0.9992721998 0.2577707526 0.1104985595 0.1776289032 -0.0061167483 -0.0003341633 -0.0044946242 0.0388914458 0.0058036894 0.3886927962 -0.1571699977 0.5099790692 0.3600207865 -0.0453686677 0.0796859190 0.3280691139 0.9433356723 0.0352608427 0.0000000000 0.0000000000 0.0866285640
-0.7230753303 -0.0007339268 0.0086543486 0.0949415267 -0.0004330277 0.3253248977 -0.1618392655 0.4837004707 -0.0374559426 -0.0840231041 0.0460630966 0.2909018915 0.9561029965 0.0352583260 -0.9567463935 0.2905665293 0.0144024474 0.0035253337 -0.0379229754 0.9992744468 0.2623592770 0.1155971538 0.1775013884 -0.0064283488 -0.0003570110 -0.0046253763 0.0393491052 0.0059978636 0.3905043006 -0.1574004292 0.5103807449 0.3645702004 -0.0468059778 0.0809940547 0.3276616925 0.9435224741 0.0346512041 0.0000000000 0.0000000000 0.0880434758
-0.7236495018 -0.0004653036 0.0081251711 0.0948532447 -0.0003073215 0.3251382087 -0.1622651069 0.4839347024 -0.0372494626 -0.0859298826 0.0473517008 0.2900503703 0.9563828216 0.0346796948 -0.9569984995 0.2896679515 0.0156955360 0.0049653449 -0.0377409120 0.9992752218 0.2667615377 0.1203608256 0.1774299650 -0.0067498703 -0.0003808286 -0.0047569601 0.0397991687 0.0061942590 0.3923384249 -0.1576380879 0.5107889771 0.3690640628 -0.0482627377 0.0823012069 0.3272466578 0.9437127333 0.0340163410 0.0000000000 0.0000000000 0.0894705840
-0.7241169214 -0.0001987666 0.0075935754 0.0947589651 -0.0001849532 0.3249527691 -0.1627004414 0.4841750426 -0.0369704939 -0.0878230482 0.0485316824 0.2891978201 0.9566625388 0.0340794307 -0.9572477454 0.2887687550 0.0170105841 0.0064323138 -0.0375418821 0.9992743529 0.2709747697 0.1247860263 0.1774131942 -0.0070814202 -0.0004056277 -0.0048893755 0.0402418561 0.0063928375 0.3941948414 -0.1578830928 0.5112037659 0.3735020459 -0.0497388057 0.0836073458 0.3268238334 0.9439062740 0.0333579907 0.0000000000 0.0000000000 0.0909094707
-0.7244885564 0.0000623614 0.0070619602 0.0946586579 -0.0000662804 0.3247689447 -0.1631452007 0.4844210083 -0.0366178894 -0.0897025600 0.0496227819 0.2883439154 0.9569421433 0.0334592404 -0.9574941169 0.2878687491 0.0183466471 0.0079248101 -0.0373271699 0.9992716747 0.2749967757 0.1288765649 0.1774495347 -0.0074231038 -0.0004314192 -0.0050226259 0.0406773724 0.0065935627 0.3960733414 -0.1581355184 0.5116250515 0.3778838515 -0.0512340516 0.0849124789 0.3263930526 0.9441029231 0.0326778873 0.0000000000 0.0000000000 0.0923596511
-0.7247754931 0.0003157780 0.0065322928 0.0945522860 0.0000485778 0.3245871073 -0.1635993165 0.4846722091 -0.0361905097 -0.0915683575 0.0506427069 0.2874883447 0.9572216290 0.0328207970 -0.9577376005 0.2869677497 0.0197027701 0.0094414074 -0.0370980281 0.9992670294 0.2788259101 0.1326408659 0.1775373041 -0.0077750213 -0.0004582131 -0.0051567173 0.0411059260 0.0067963977 0.3979735970 -0.1583954543 0.5120528936 0.3822091818 -0.0527483374 0.0862165689 0.3259541593 0.9443025121 0.0319777338 0.0000000000 0.0000000000 0.0938205829
-0.7249868512 0.0005611255 0.0060053491 0.0944401249 0.0001595616 0.3244076340 -0.1640627199 0.4849283369 -0.0356872321 -0.0934203591 0.0516071478 0.2866308109 0.9575009893 0.0321657219 -0.9579781848 0.2860655793 0.0210779907 0.0109806911 -0.0368556614 0.9992602687 0.2824610766 0.1360905203 0.1776747435 -0.0081372717 -0.0004860185 -0.0052916561 0.0415277146 0.0070013078 0.3998953402 -0.1586630344 0.5124872327 0.3864777386 -0.0542815216 0.0875196084 0.3255070085 0.9445048793 0.0312591836 0.0000000000 0.0000000000 0.0952916745
-0.7251317501 0.0007983295 0.0054819332 0.0943223983 0.0002663732 0.3242309077 -0.1645353416 0.4851891569 -0.0351069558 -0.0952584701 0.0525300592 0.2857710320 0.9577802180 0.0314955749 -0.9582158598 0.2851620676 0.0224713413 0.0125412629 -0.0366012178 0.9992512535 0.2859015419 0.1392380788 0.1778600592 -0.0085099498 -0.0005148439 -0.0054274518 0.0419429429 0.0072082598 0.4018382728 -0.1589383036 0.5129280686 0.3906892538 -0.0558334738 0.0888215825 0.3250514662 0.9447098703 0.0305238304 0.0000000000 0.0000000000 0.0967722956
-0.7252182961 0.0010277104 0.0049627465 0.0941991434 0.0003689527 0.3240573165 -0.1650171120 0.4854544990 -0.0344486088 -0.0970825824 0.0534237322 0.2849087403 0.9580593089 0.0308118524 -0.9584506174 0.2842570512 0.0238818507 0.0141217430 -0.0363357870 0.9992398546 0.2891469239 0.1420963257 0.1780913554 -0.0088931471 -0.0005446966 -0.0055641127 0.0423517898 0.0074172202 0.4038021266 -0.1592213959 0.5133754611 0.3948434293 -0.0574040525 0.0901224762 0.3245874099 0.9449173384 0.0297732071 0.0000000000 0.0000000000 0.0982617826
-0.7252532244 0.0012495138 0.0044483696 0.0940706506 0.0004673004 0.3238872540 -0.1655079606 0.4857242498 -0.0337111535 -0.0988925779 0.0542989421 0.2840436839 0.9583382560 0.0301159874 -0.9586824516 0.2833503741 0.0253085462 0.0157207717 -0.0360604013 0.9992259528 0.2921972003 0.1446778528 0.1783666918 -0.0092869513 -0.0005755835 -0.0057016499 0.0427544415 0.0076281577 0.4057866335 -0.1595123857 0.5138292909 0.3989399970 -0.0589931197 0.0914222673 0.3241147286 0.9451271445 0.0290087846 0.0000000000 0.0000000000 0.0997594425
-0.7252433300 0.0014643808 0.0039392952 0.0939372256 0.0005612373 0.3237211187 -0.1660078165 0.4859983461 -0.0328935893 -0.1006883351 0.0551651844 0.2831756254 0.9586170535 0.0294093508 -0.9589113584 0.2824418876 0.0267504552 0.0173370100 -0.0357760374 0.9992094391 0.2950526670 0.1469950044 0.1786841219 -0.0096914480 -0.0006075104 -0.0058400733 0.0431510694 0.0078410404 0.4077914357 -0.1598113626 0.5142896771 0.4029786885 -0.0606005453 0.0927209556 0.3236333225 0.9453391572 0.0282319740 0.0000000000 0.0000000000 0.1012645585
-0.7251938581 0.0016732946 0.0034357472 0.0937992558 0.0006509422 0.3235593141 -0.1665166082 0.4862767683 -0.0319949587 -0.1024697282 0.0560307169 0.2823043429 0.9588956957 0.0286932533 -0.9591373362 0.2815314505 0.0282066071 0.0189691410 -0.0354836182 0.9991902144 0.2977139348 0.1490595287 0.1790416436 -0.0101067182 -0.0006404826 -0.0059793945 0.0435418487 0.0080558397 0.4098162949 -0.1601184160 0.5147565007 0.4069592357 -0.0622261874 0.0940184966 0.3231431032 0.9455532525 0.0274441274 0.0000000000 0.0000000000 0.1027763943
-0.7251100540 0.0018769033 0.0029379046 0.0936567485 0.0007360576 0.3234022481 -0.1670342634 0.4865595349 -0.0310143484 -0.1042366334 0.0569027828 0.2814296292 0.9591741769 0.0279689499 -0.9593603857 0.2806189289 0.0296760344 0.0206158691 -0.0351840179 0.9991681895 0.3001818790 0.1508821335 0.1794372975 -0.0105328374 -0.0006745041 -0.0061196238 0.0439269431 0.0082725240 0.4118609428 -0.1604336500 0.5152298808 0.4108813703 -0.0638699159 0.0953149050 0.3226439935 0.9457693135 0.0266465430 0.0000000000 0.0000000000 0.1042941975
-0.7249964476 0.0020755499 0.0024464827 0.0935099870 0.0008169411 0.3232503335 -0.1675607093 0.4868466979 -0.0299508928 -0.1059889300 0.0577876680 0.2805512924 0.9594524913 0.0272376445 -0.9595805103 0.2797041963 0.0311577741 0.0222759205 -0.0348780666 0.9991432849 0.3024575786 0.1524726643 0.1798690281 -0.0109698838 -0.0007095785 -0.0062607718 0.0443065055 0.0084910672 0.4139250219 -0.1607571393 0.5157096982 0.4147448540 -0.0655315816 0.0966101438 0.3221359270 0.9459872300 0.0258404692 0.0000000000 0.0000000000 0.1058172046
-0.7248570323 0.0022703519 0.0019615118 0.0933593512 0.0008934138 0.3231039868 -0.1680958726 0.4871383380 -0.0288037768 -0.1077265018 0.0586908048 0.2796691553 0.9597306327 0.0265004931 -0.9597977156 0.2787871337 0.0326508689 0.0239480426 -0.0345665537 0.9991154311 0.3045424376 0.1538405733 0.1803348652 -0.0114179254 -0.0007457084 -0.0064028483 0.0446806885 0.0087114386 0.4160082936 -0.1610889882 0.5161959529 0.4185494483 -0.0672110692 0.0979042128 0.3216188486 0.9462068983 0.0250271079 0.0000000000 0.0000000000 0.1073446416
-0.7246955633 0.0024614211 0.0014830370 0.0932049602 0.0009655353 0.3229636286 -0.1686396793 0.4874345607 -0.0275722373 -0.1094492405 0.0596168769 0.2787830555 0.9600085948 0.0257586070 -0.9600120101 0.2778676295 0.0341543691 0.0256310048 -0.0342502315 0.9990845676 0.3064380804 0.1549941932 0.1808328134 -0.0118770301 -0.0007828956 -0.0065458640 0.0450496376 0.0089336149 0.4181104302 -0.1614292860 0.5166887045 0.4222948849 -0.0689082295 0.0991970897 0.3210927137 0.9464282209 0.0242076172 0.0000000000 0.0000000000 0.1088757282
