# Actions and States
# action[0], ..., state[0], ..., command[0], ...
-0.5776697397 0.4073231220 -0.1119163483 0.1256661117 -0.0275383685 -0.0628105185 0.1774474555 -0.1909422863 0.0000000000 0.0000000000 0.0000000000 -0.6383035392 0.7697847699 0.0000000000 -0.7697847699 -0.6383035392 0.0000000000 0.0000000000 0.0000000000 1.0000000000 0.0000000000 0.0000000000 0.0000000000 -0.0000017100 0.0000048309 -0.0000051983 0.0010920833 0.0000027302 -0.0614499822 0.1736037731 -0.1868063062 0.1345691532 -0.3801744282 0.4090866148 -0.6366206818 0.7711770922 0.0000000000 0.0000000000 0.0000000000 -0.2184161500
-0.6013915539 0.3250840902 -0.1267028749 0.1332188249 -0.0257917643 -0.0628105154 0.1774474420 -0.1908868116 0.0000020913 -0.0000089848 0.0221898548 -0.6382870669 0.7697982409 0.0005371605 -0.7697984162 -0.6382870249 -0.0002686032 0.0001360923 -0.0005849513 0.9999998197 -0.1074440347 -0.2148155330 -0.0085346832 -0.0000068213 0.0000192708 -0.0000205977 0.0021627415 0.0000108669 -0.0607808083 0.1717132777 -0.1847720295 0.1331037283 -0.3760344088 0.4046317339 -0.6357780415 0.7718715586 0.0005380319 0.0000000000 0.0000000000 -0.2183586788
-0.6227712631 0.2346035391 -0.1351907998 0.1385671496 -0.0236538630 -0.0628104538 0.1774471730 -0.1907012766 0.0000227489 -0.0001006355 0.0464766590 -0.6382303028 0.7698421911 0.0022541883 -0.7698453070 -0.6382294405 -0.0011766997 0.0005328163 -0.0024863817 0.9999967670 -0.2289758676 -0.4182979193 -0.0185161096 -0.0000152965 0.0000432141 -0.0000456214 0.0031805695 0.0000242235 -0.0601189211 0.1698433608 -0.1827598959 0.1316542625 -0.3719395101 0.4002254009 -0.6349335856 0.7725601168 0.0022591896 0.0000000000 0.0000000000 -0.2179021860
-0.6361238956 0.1676966697 -0.1338529587 0.1417851746 -0.0217566136 -0.0628102023 0.1774460022 -0.1904063961 0.0000726625 -0.0003472617 0.0667906674 -0.6381361528 0.7699089408 0.0047406178 -0.7699228920 -0.6381314837 -0.0026362625 0.0009954554 -0.0053322046 0.9999852882 -0.3313553682 -0.5387542567 -0.0274391877 -0.0000270983 0.0000765539 -0.0000795591 0.0041477475 0.0000425399 -0.0594642386 0.1679937989 -0.1807696968 0.1302205771 -0.3678891659 0.3958670497 -0.6340859739 0.7732333219 0.0047543125 0.0000000000 0.0000000000 -0.2168510073
-0.6444993019 0.1207716689 -0.1256734133 0.1433981210 -0.0199904628 -0.0628096174 0.1774430179 -0.1900186913 0.0001496294 -0.0007916073 0.0843839520 -0.6380084824 0.7699914931 0.0076339294 -0.7700281255 -0.6379936962 -0.0045529713 0.0013646496 -0.0087831747 0.9999604960 -0.4160717211 -0.5976232585 -0.0353523761 -0.0000421888 0.0001191806 -0.0001217947 0.0050666514 0.0000655676 -0.0588166863 0.1661643982 -0.1788011491 0.1288025081 -0.3638829291 0.3915561438 -0.6332354120 0.7738833944 0.0076616002 0.0000000000 0.0000000000 -0.2152479741
-0.6501979828 0.0874140039 -0.1137617230 0.1440032423 -0.0183130894 -0.0628085901 0.1774371491 -0.1895484989 0.0002441747 -0.0014594648 0.1002714620 -0.6378513724 0.7700851783 0.0106978904 -0.7701579203 -0.6378165085 -0.0068468398 0.0015506413 -0.0126063312 0.9999193347 -0.4859994750 -0.6180559809 -0.0423671545 -0.0000605303 0.0001709806 -0.0001717805 0.0059395838 0.0000930696 -0.0581761897 0.1643549055 -0.1768540442 0.1273998767 -0.3599203527 0.3872922063 -0.6323836105 0.7745063163 0.0107451500 0.0000000000 0.0000000000 -0.2132231025
-0.6545393467 0.0627596602 -0.1002284065 0.1440163553 -0.0167225506 -0.0628070707 0.1774272296 -0.1890024726 0.0003433747 -0.0023659455 0.1150224956 -0.6376688208 0.7701871693 0.0137912721 -0.7703091470 -0.6376005774 -0.0094510161 0.0015142717 -0.0166501613 0.9998602298 -0.5435012174 -0.6159548650 -0.0485810166 -0.0000820847 0.0002318360 -0.0002290127 0.0067690350 0.0001248214 -0.0575426631 0.1625651121 -0.1749281585 0.1260125190 -0.3560009003 0.3830746710 -0.6315329289 0.7751010874 0.0138638083 0.0000000000 0.0000000000 -0.2109176618
-0.6550120115 0.0483104475 -0.0852036625 0.1433673948 -0.0152301928 -0.0628050778 0.1774120409 -0.1883853178 0.0004331633 -0.0035186668 0.1289307315 -0.6374645136 0.7702958110 0.0168332259 -0.7704787072 -0.6373468890 -0.0123087259 0.0012472441 -0.0208160181 0.9997825452 -0.5903584069 -0.6011191432 -0.0540805152 -0.0001068144 0.0003016241 -0.0002930166 0.0075577120 0.0001606110 -0.0569160394 0.1607948244 -0.1730232239 0.1246402785 -0.3521241248 0.3789030910 -0.6306856951 0.7756685697 0.0169366330 0.0000000000 0.0000000000 -0.2084576743
-0.6531931162 0.0398352630 -0.0700961798 0.1423595250 -0.0138499821 -0.0628026990 0.1773903170 -0.1876995985 0.0005002819 -0.0049306177 0.1426070376 -0.6372417010 0.7704099098 0.0197885144 -0.7706636307 -0.6370567143 -0.0153724093 0.0007633495 -0.0250462286 0.9996860026 -0.6285729880 -0.5831351980 -0.0589426162 -0.0001346824 0.0003802168 -0.0003633374 0.0083084488 0.0002002407 -0.0562962368 0.1590438038 -0.1711390465 0.1232829690 -0.3482895792 0.3747769296 -0.6298437532 0.7762102368 0.0199281874 0.0000000000 0.0000000000 -0.2059296106
-0.6522079110 0.0315325297 -0.0565091334 0.1413962394 -0.0125917094 -0.0628000851 0.1773607192 -0.1869449415 0.0005323156 -0.0066158577 0.1565240902 -0.6370031887 0.7705279916 0.0226616809 -0.7708611604 -0.6367314765 -0.0186037137 0.0000947234 -0.0293196346 0.9995700826 -0.6597310272 -0.5681073390 -0.0632300988 -0.0001656526 0.0004674808 -0.0004395267 0.0090240575 0.0002435269 -0.0556831844 0.1573118567 -0.1692753881 0.1219404489 -0.3444967866 0.3706956804 -0.6290082005 0.7767268839 0.0228427507 0.0000000000 0.0000000000 -0.2033817043
-0.6520051956 0.0232282877 -0.0444198102 0.1404921412 -0.0114571210 -0.0627974453 0.1773218655 -0.1861200335 0.0005182922 -0.0085776778 0.1706426830 -0.6367514240 0.7706483351 0.0254709163 -0.7710688055 -0.6363727128 -0.0219696950 -0.0007219127 -0.0336290636 0.9994341224 -0.6845273123 -0.5563290747 -0.0669978983 -0.0001996903 0.0005632769 -0.0005211330 0.0097072674 0.0002902997 -0.0550768077 0.1555987746 -0.1674320102 0.1206125468 -0.3407453001 0.3666588962 -0.6281795724 0.7772186842 0.0256981878 0.0000000000 0.0000000000 -0.2008527565
-0.6524627209 0.0151273096 -0.0336533301 0.1396372914 -0.0104444399 -0.0627950368 0.1772723758 -0.1852243066 0.0004495119 -0.0108148393 0.1848174393 -0.6364885523 0.7707693682 0.0282294859 -0.7712843733 -0.6359820989 -0.0254398380 -0.0016548002 -0.0379651270 0.9992776945 -0.7034242296 -0.5467656653 -0.0703010014 -0.0002367624 0.0006674601 -0.0006077013 0.0103607243 0.0003404029 -0.0544770323 0.1539043337 -0.1656087190 0.1192991063 -0.3370346725 0.3626660705 -0.6273581139 0.7776858493 0.0285073807 0.0000000000 0.0000000000 -0.1983791600
-0.6534737349 0.0073851869 -0.0240581091 0.1388251036 -0.0095504597 -0.0627931538 0.1772108817 -0.1842578661 0.0003194623 -0.0133243725 0.1989226487 -0.6362164329 0.7708897462 0.0309459164 -0.7715059849 -0.6355614313 -0.0289858998 -0.0026769020 -0.0423162655 0.9991006795 -0.7168721490 -0.5385921371 -0.0731941430 -0.0002768374 0.0007798797 -0.0006987767 0.0109869661 0.0003936934 -0.0538837910 0.1522283554 -0.1638052762 0.1179999709 -0.3333644569 0.3587167263 -0.6265438580 0.7781287496 0.0312784356 0.0000000000 0.0000000000 -0.1959931059
-0.6549438238 0.0000984073 -0.0155122057 0.1380533725 -0.0087709557 -0.0627921171 0.1771360342 -0.1832213846 0.0001235524 -0.0161017995 0.2128526203 -0.6359366519 0.7710083720 0.0336253630 -0.7717320775 -0.6351126051 -0.0325818877 -0.0037650163 -0.0466697878 0.9989032764 -0.7253151493 -0.5312329433 -0.0757310033 -0.0003198857 0.0009003791 -0.0007939072 0.0115884086 0.0004500400 -0.0532970093 0.1505706161 -0.1620214880 0.1167149767 -0.3297342062 0.3548103869 -0.6257366653 0.7785479421 0.0340160647 0.0000000000 0.0000000000 -0.1937227181
-0.6567920446 -0.0066799461 -0.0079153907 0.1373220980 -0.0081004519 -0.0627922654 0.1770465106 -0.1821160091 -0.0001411405 -0.0191413164 0.2265193453 -0.6356505340 0.7711243985 0.0362706588 -0.7719613965 -0.6346375909 -0.0362040127 -0.0048990740 -0.0510126485 0.9986859911 -0.7291855061 -0.5242933807 -0.0779635726 -0.0003658797 0.0010287961 -0.0008926464 0.0121673336 0.0005093239 -0.0527166203 0.1489309520 -0.1602571011 0.1154439822 -0.3261434734 0.3509466052 -0.6249362517 0.7789441727 0.0367226502 0.0000000000 0.0000000000 -0.1915922267
-0.6589480639 -0.0129267974 -0.0011843735 0.1366327256 -0.0075328117 -0.0627939477 0.1769410211 -0.1809432800 -0.0004761027 -0.0224359759 0.2398501078 -0.6353591559 0.7712372214 0.0388830481 -0.7721929810 -0.6341384093 -0.0398306163 -0.0060616196 -0.0553319636 0.9984496134 -0.7288992305 -0.5175036891 -0.0799415021 -0.0004147940 0.0011649628 -0.0009945559 0.0127258776 0.0005714370 -0.0521425493 0.1473091245 -0.1585119516 0.1141868234 -0.3225918412 0.3471248746 -0.6241422097 0.7793183671 0.0393989865 0.0000000000 0.0000000000 -0.1896221270
-0.6613520980 -0.0186373424 0.0047539859 0.1359874010 -0.0070615429 -0.0627975165 0.1768183132 -0.1797050606 -0.0008815959 -0.0259778761 0.2527854667 -0.6350633614 0.7713464672 0.0414626876 -0.7724261431 -0.6336171076 -0.0434420803 -0.0072374270 -0.0596153374 0.9981951869 -0.7248533858 -0.5106788438 -0.0817116651 -0.0004666053 0.0013087061 -0.0010992071 0.0132660298 0.0006362817 -0.0515747294 0.1457049698 -0.1567857862 0.1129433587 -0.3190788925 0.3433447778 -0.6233540285 0.7796716156 0.0420447902 0.0000000000 0.0000000000 -0.1878293383
-0.6639534235 -0.0238208137 0.0099639278 0.1353887022 -0.0066793761 -0.0628033225 0.1766771765 -0.1784034764 -0.0013568483 -0.0297583332 0.2652773468 -0.6347637782 0.7714519781 0.0440089923 -0.7726604453 -0.6330757360 -0.0470207264 -0.0084132072 -0.0638510616 0.9979239750 -0.7174244592 -0.5036931644 -0.0833179018 -0.0005212921 0.0014598477 -0.0012061817 0.0137896268 0.0007037699 -0.0510130934 0.1441182643 -0.1550784260 0.1117134318 -0.3156042099 0.3396058381 -0.6225711117 0.7800051554 0.0446590507 0.0000000000 0.0000000000 -0.1862273839
-0.6667090654 -0.0284945332 0.0145036392 0.1348390579 -0.0063795773 -0.0628117100 0.1765164459 -0.1770408639 -0.0019002258 -0.0337680389 0.2772873454 -0.6344608345 0.7715537943 0.0465208770 -0.7728956743 -0.6325163258 -0.0505507096 -0.0095773776 -0.0680282300 0.9976374260 -0.7069674325 -0.4964614624 -0.0848006889 -0.0005788355 0.0016182044 -0.0013150743 0.0142983571 0.0007738223 -0.0504575707 0.1425488591 -0.1533896625 0.1104968935 -0.3121673465 0.3359076083 -0.6217927936 0.7803203522 0.0472402767 0.0000000000 0.0000000000 -0.1848265931
-0.6695821881 -0.0326813944 0.0184257329 0.1343405396 -0.0061545786 -0.0628230128 0.1763350043 -0.1756197262 -0.0025093840 -0.0379972035 0.2887852809 -0.6341547772 0.7716521368 0.0489969218 -0.7731318147 -0.6319408696 -0.0540179084 -0.0107198771 -0.0721367937 0.9973371382 -0.6938154793 -0.4889267156 -0.0861972145 -0.0006392181 0.0017835883 -0.0014254926 0.0147937555 0.0008463679 -0.0499081016 0.1409965307 -0.1517192870 0.1092936099 -0.3087679148 0.3322496414 -0.6210183550 0.7806186811 0.0497866634 0.0000000000 0.0000000000 -0.1836343198
-0.6725424528 -0.0364062004 0.0217787456 0.1338952780 -0.0059973476 -0.0628375512 0.1761317848 -0.1741426957 -0.0031814047 -0.0424356878 0.2997480198 -0.6338456895 0.7717473891 0.0514354877 -0.7733690228 -0.6313513030 -0.0574098148 -0.0118320125 -0.0761675765 0.9970248261 -0.6782801682 -0.4810511008 -0.0875411503 -0.0007024249 0.0019558067 -0.0015370577 0.0152772134 0.0009213428 -0.0493646152 0.1394611150 -0.1500671059 0.1081034318 -0.3054055274 0.3286315203 -0.6202470378 0.7809017085 0.0522962103 0.0000000000 0.0000000000 -0.1826551676
-0.6755638719 -0.0396957621 0.0246087238 0.1335047930 -0.0059008510 -0.0628556296 0.1759057719 -0.1726125024 -0.0039129140 -0.0470731075 0.3101583090 -0.6335335091 0.7718400789 0.0538347976 -0.7736076005 -0.6307494887 -0.0607154266 -0.0129063286 -0.0801122659 0.9967022883 -0.6606521178 -0.4728108541 -0.0888627594 -0.0007684425 0.0021346631 -0.0016494058 0.0157499779 0.0009986898 -0.0488270447 0.1379424185 -0.1484329104 0.1069262102 -0.3020797372 0.3250527978 -0.6194780589 0.7811710751 0.0547668026 0.0000000000 0.0000000000 -0.1818912118
-0.6798094511 -0.0432885848 0.0269005653 0.1331306249 -0.0058581159 -0.0628775344 0.1756560024 -0.1710319473 -0.0047001870 -0.0518989328 0.3200039036 -0.6332180454 0.7719308609 0.0561929967 -0.7738479703 -0.6301372034 -0.0639251425 -0.0139364925 -0.0839633903 0.9963713782 -0.6412013517 -0.4641927233 -0.0901889535 -0.0008372595 0.0023199564 -0.0017621871 0.0162131637 0.0010783576 -0.0482953303 0.1364402622 -0.1468165070 0.1057618111 -0.2987901568 0.3215130568 -0.6187106222 0.7814284789 0.0571962720 0.0000000000 0.0000000000 -0.1813422457
-0.6912479401 -0.0508024916 0.0284224171 0.1325590014 -0.0058622286 -0.0629035264 0.1753816029 -0.1694043087 -0.0055367593 -0.0568877628 0.3291051157 -0.6328989772 0.7720206136 0.0585068954 -0.7740906566 -0.6295161538 -0.0670303473 -0.0149177741 -0.0877130793 0.9960340736 -0.6200527669 -0.4546682750 -0.0915437105 -0.0009088661 0.0025114825 -0.0018750690 0.0166677646 0.0011603003 -0.0477694049 0.1349544525 -0.1452177167 0.1046100929 -0.2955363989 0.3180118501 -0.6179439459 0.7816758465 0.0595811418 0.0000000000 0.0000000000 -0.1810137565
-0.7008620501 -0.0562157482 0.0297786146 0.1320422590 -0.0059072282 -0.0629337959 0.1750820453 -0.1677361346 -0.0064015490 -0.0619303298 0.3363758663 -0.6325757300 0.7721112242 0.0607635032 -0.7743362960 -0.6288881643 -0.0700212647 -0.0158507564 -0.0913451386 0.9956931350 -0.5966445761 -0.4409539860 -0.0929509960 -0.0009832539 0.0027090339 -0.0019877437 0.0171147995 0.0012444769 -0.0472492091 0.1334848404 -0.1436363310 0.1034709141 -0.2923180759 0.3145487905 -0.6171773741 0.7819166289 0.0619081848 0.0000000000 0.0000000000 -0.1809545848
-0.7087518573 -0.0596731827 0.0309457295 0.1315874308 -0.0059994333 -0.0629684568 0.1747571759 -0.1660372162 -0.0072887301 -0.0670070210 0.3418210115 -0.6322474717 0.7722056144 0.0629414303 -0.7745856237 -0.6282551879 -0.0728871072 -0.0167405533 -0.0948362162 0.9953521216 -0.5712865685 -0.4236034976 -0.0944369994 -0.0010604158 0.0029124031 -0.0020999452 0.0175553150 0.0013308516 -0.0467346758 0.1320312172 -0.1420721561 0.1023441404 -0.2891348004 0.3111234307 -0.6164103715 0.7821558546 0.0641558396 0.0000000000 0.0000000000 -0.1811694565
-0.7152928114 -0.0617315918 0.0318370126 0.1312045008 -0.0061326451 -0.0630076203 0.1744067959 -0.1643157234 -0.0081981662 -0.0721275321 0.3457574845 -0.6319133744 0.7723062396 0.0650273748 -0.7748394052 -0.6276189366 -0.0756198815 -0.0175892945 -0.0981709869 0.9950141075 -0.5445248609 -0.4041782682 -0.0960247778 -0.0011403450 0.0031213823 -0.0022114541 0.0179901645 0.0014193933 -0.0462257452 0.1305934340 -0.1405250281 0.1012296379 -0.2859861851 0.3077353835 -0.6156423346 0.7823976819 0.0663106560 0.0000000000 0.0000000000 -0.1816384858
-0.7207678556 -0.0628074333 0.0324081928 0.1308988333 -0.0062954784 -0.0630513975 0.1740306630 -0.1625783960 -0.0091297529 -0.0772990288 0.3484440886 -0.6315726290 0.7724150803 0.0670146100 -0.7750984261 -0.6269808517 -0.0782140751 -0.0183968538 -0.1013407878 0.9946816579 -0.5168113980 -0.3837794205 -0.0977317970 -0.0012230366 0.0033357635 -0.0023220887 0.0184199866 0.0015100749 -0.0457223579 0.1291712970 -0.1389947385 0.1001272723 -0.2828718722 0.3043842018 -0.6148726197 0.7826453798 0.0683657702 0.0000000000 0.0000000000 -0.1823375763
-0.7253809571 -0.0631830394 0.0326521508 0.1306714565 -0.0064774440 -0.0630998981 0.1736285083 -0.1608308502 -0.0100831284 -0.0825258532 0.3500849636 -0.6312244452 0.7725337589 0.0689005894 -0.7753634751 -0.6263421231 -0.0806661413 -0.0191619759 -0.1043414408 0.9943569190 -0.4885046872 -0.3630892602 -0.0995688494 -0.0013084854 0.0035553384 -0.0024316991 0.0188452285 0.0016028718 -0.0452244543 0.1277646571 -0.1374811232 0.0990369096 -0.2797914743 0.3010695279 -0.6141005839 0.7829015300 0.0703185061 0.0000000000 0.0000000000 -0.1832416752
-0.7292827368 -0.0630498827 0.0325843766 0.1305210292 -0.0066696014 -0.0631532294 0.1732000472 -0.1590778072 -0.0110576953 -0.0878104087 0.3508444010 -0.6308680568 0.7726636299 0.0706852872 -0.7756353269 -0.6257037150 -0.0829740961 -0.0198830194 -0.1071717126 0.9940416941 -0.4598915172 -0.3425147120 -0.1015410143 -0.0013966879 0.0037798975 -0.0025401623 0.0192661770 0.0016977611 -0.0447319709 0.1263733357 -0.1359839886 0.0979584157 -0.2767446041 0.2977909744 -0.6133256134 0.7831681942 0.0721687148 0.0000000000 0.0000000000 -0.1843259105
-0.7325881720 -0.0625402257 0.0322315916 0.1304450482 -0.0068644397 -0.0632114950 0.1727449873 -0.1573232579 -0.0120526650 -0.0931537955 0.3508574482 -0.6305027281 0.7728058431 0.0723701511 -0.7759147264 -0.6250663907 -0.0851372101 -0.0205583843 -0.1098323093 0.9937374989 -0.4312037203 -0.3222908419 -0.1036489058 -0.0014876409 0.0040092319 -0.0026473778 0.0196829811 0.0017947216 -0.0442448519 0.1249971539 -0.1345031559 0.0968916789 -0.2737309337 0.2945480943 -0.6125471412 0.7834470347 0.0739177273 0.0000000000 0.0000000000 -0.1855662193
-0.7353865504 -0.0617479086 0.0316261947 0.1304399818 -0.0070556425 -0.0632747942 0.1722630335 -0.1555705874 -0.0130670972 -0.0985562093 0.3502370138 -0.6301277594 0.7729613844 0.0739574545 -0.7762023763 -0.6244307347 -0.0871557720 -0.0211867385 -0.1123252233 0.9934456031 -0.4026302094 -0.3025466880 -0.1058896753 -0.0015813427 0.0042431308 -0.0027532647 0.0200956855 0.0018937315 -0.0437630340 0.1236359626 -0.1330384463 0.0958365500 -0.2707500458 0.2913405299 -0.6117646582 0.7837393997 0.0755677059 0.0000000000 0.0000000000 -0.1869397081
-0.7377500534 -0.0607416965 0.0308021139 0.1305019557 -0.0072382619 -0.0633432213 0.1717538917 -0.1538226691 -0.0140999351 -0.1040172086 0.3490788867 -0.6297424934 0.7731311046 0.0754498980 -0.7764989274 -0.6237971742 -0.0890309001 -0.0217671249 -0.1146533059 0.9931670613 -0.3743254153 -0.2833465593 -0.1082577682 -0.0016777912 0.0044813841 -0.0028577591 0.0205042418 0.0019947705 -0.0432864651 0.1222895980 -0.1315896958 0.0947929099 -0.2678016424 0.2881678939 -0.6109777179 0.7840463850 0.0771212465 0.0000000000 0.0000000000 -0.1884248732
-0.7397372723 -0.0595722497 0.0297917612 0.1306275278 -0.0074083046 -0.0634168648 0.1712172716 -0.1520819401 -0.0151500317 -0.1095358713 0.3474651497 -0.6293463200 0.7733157380 0.0768503676 -0.7768049719 -0.6231659981 -0.0907643894 -0.0222989947 -0.1168199821 0.9929027377 -0.3464154130 -0.2647154658 -0.1107456116 -0.0017769862 0.0047237799 -0.0029608100 0.0209085327 0.0020978162 -0.0428150855 0.1209578961 -0.1301567107 0.0937606394 -0.2648853660 0.2850298285 -0.6101859383 0.7843688785 0.0785811362 0.0000000000 0.0000000000 -0.1900017244
-0.7413967848 -0.0582789592 0.0286260396 0.1308126748 -0.0075624334 -0.0634958073 0.1706528886 -0.1503504613 -0.0162161727 -0.1151109083 0.3454667710 -0.6289386797 0.7735159158 0.0781617885 -0.7771210385 -0.6225373749 -0.0923585859 -0.0227822016 -0.1188290573 0.9926533264 -0.3190029912 -0.2466552222 -0.1133441231 -0.0018789276 0.0049701063 -0.0030623793 0.0213083904 0.0022028470 -0.0423488393 0.1196406931 -0.1287393421 0.0927396119 -0.2620008290 0.2819259167 -0.6093890014 0.7847075937 0.0799502087 0.0000000000 0.0000000000 -0.1916518068
-0.7427706122 -0.0568923615 0.0273330808 0.1310540736 -0.0076983240 -0.0635801254 0.1700604654 -0.1486299668 -0.0172970966 -0.1207407410 0.3431455495 -0.6285190671 0.7737321759 0.0793870404 -0.7774475895 -0.6219113689 -0.0938162825 -0.0232169734 -0.1206845856 0.9924193685 -0.2921712419 -0.2291541419 -0.1160430511 -0.0019836160 0.0052201510 -0.0031624397 0.0217036065 0.0023098395 -0.0418876708 0.1183378324 -0.1273373961 0.0917296931 -0.2591477036 0.2788558006 -0.6085866507 0.7850630948 0.0812312584 0.0000000000 0.0000000000 -0.1933582099
-0.7438939810 -0.0554371737 0.0259385481 0.1313479543 -0.0078142481 -0.0636698892 0.1694397334 -0.1469219062 -0.0183915059 -0.1264235330 0.3405554295 -0.6280870327 0.7739649696 0.0805289092 -0.7777850195 -0.6212879558 -0.0951406300 -0.0236038734 -0.1223907752 0.9922012675 -0.2659866199 -0.2121932727 -0.1188313773 -0.0020910534 0.0054737004 -0.0032609720 0.0220939405 0.0024187691 -0.0414315239 0.1170491651 -0.1259507239 0.0907307789 -0.2563256323 0.2758191526 -0.6077786879 0.7854358172 0.0824269934 0.0000000000 0.0000000000 -0.1951055312
-0.7447971106 -0.0539330654 0.0244652834 0.1316912025 -0.0079091927 -0.0637651619 0.1687904340 -0.1452274793 -0.0194980815 -0.1321572346 0.3377437234 -0.6276421838 0.7742146672 0.0815900621 -0.7781336554 -0.6206670364 -0.0963350624 -0.0239437562 -0.1239519222 0.9919993032 -0.2405013114 -0.1957500522 -0.1216975998 -0.0022012412 0.0057305410 -0.0033579646 0.0224791393 0.0025296106 -0.0409803465 0.1157745272 -0.1245791540 0.0897427425 -0.2535343170 0.2728155255 -0.6069649691 0.7858260827 0.0835400105 0.0000000000 0.0000000000 -0.1968798317
-0.7455069423 -0.0523968749 0.0229330976 0.1320803016 -0.0079824422 -0.0638660006 0.1681123192 -0.1435476670 -0.0206154944 -0.1379396160 0.3347520842 -0.6271841848 0.7744815632 0.0825730373 -0.7784937578 -0.6200484491 -0.0974032328 -0.0242377242 -0.1253723613 0.9918136437 -0.2157553461 -0.1798008301 -0.1246300097 -0.0023141822 0.0059904587 -0.0034534121 0.0228589419 0.0026423375 -0.0405340791 0.1145137697 -0.1232225150 0.0887654722 -0.2507734001 0.2698446512 -0.6061454003 0.7862341134 0.0845727852 0.0000000000 0.0000000000 -0.1986685657
-0.7460471392 -0.0508420281 0.0213598162 0.1325125694 -0.0080338772 -0.0639724554 0.1674051527 -0.1418832569 -0.0217424123 -0.1437682765 0.3316171616 -0.6267127568 0.7747658807 0.0834802413 -0.7788655231 -0.6194319811 -0.0983489587 -0.0244870864 -0.1266564288 0.9916443574 -0.1917783272 -0.1643215095 -0.1276168404 -0.0024298793 0.0062532388 -0.0035473150 0.0232330877 0.0027569209 -0.0400926732 0.1132667437 -0.1218806505 0.0877988338 -0.2480425239 0.2669061124 -0.6053199332 0.7866600422 0.0855276688 0.0000000000 0.0000000000 -0.2004605073
-0.7464384437 -0.0492795296 0.0197608676 0.1329849511 -0.0080635585 -0.0640845698 0.1666687107 -0.1402348672 -0.0228775063 -0.1496406583 0.3283711966 -0.6262276759 0.7750677750 0.0843139499 -0.7792490859 -0.6188173788 -0.0991761754 -0.0246933201 -0.1278084342 0.9914914241 -0.1685908994 -0.1492888494 -0.1306464721 -0.0025483365 0.0065186657 -0.0036396775 0.0236013159 0.0028733322 -0.0396560729 0.1120332927 -0.1205533966 0.0868427232 -0.2453414053 0.2639995515 -0.6044885607 0.7871039232 0.0864068900 0.0000000000 0.0000000000 -0.2022456743
-0.7466991544 -0.0477191918 0.0181497075 0.1334945410 -0.0080719627 -0.0642023808 0.1659027826 -0.1386029664 -0.0240194584 -0.1555540635 0.3250425628 -0.6257287722 0.7753873382 0.0850763153 -0.7796445226 -0.6182043569 -0.0998888955 -0.0248580360 -0.1288326391 0.9913547443 -0.1462061085 -0.1346810331 -0.1337075272 -0.0026695575 0.0067865252 -0.0037305076 0.0239633769 0.0029915399 -0.0392242298 0.1108132824 -0.1192406043 0.0858970284 -0.2426697016 0.2611246705 -0.6036513121 0.7875657395 0.0872125615 0.0000000000 0.0000000000 -0.2040152411
-0.7468458414 -0.0461681299 0.0165377520 0.1340390891 -0.0080598639 -0.0643259187 0.1651071719 -0.1369878915 -0.0251669672 -0.1615056704 0.3216562255 -0.6252159277 0.7757246023 0.0857693725 -0.7800518548 -0.6175926064 -0.1004911753 -0.0249829467 -0.1297332414 0.9912341492 -0.1246303876 -0.1204774216 -0.1367890046 -0.0027935470 0.0070566004 -0.0038198153 0.0243190415 0.0031115129 -0.0387970880 0.1096065491 -0.1179421023 0.0849616304 -0.2400270849 0.2582810819 -0.6028082498 0.7880454108 0.0879466867 0.0000000000 0.0000000000 -0.2057614673
-0.7468932271 -0.0446334668 0.0149350837 0.1346158087 -0.0080278581 -0.0644552075 0.1642816961 -0.1353898643 -0.0263187519 -0.1674925402 0.3182340808 -0.6246890733 0.7760795433 0.0863950476 -0.7804710532 -0.6169818017 -0.1009870855 -0.0250698390 -0.1305143627 0.9911294085 -0.1038647467 -0.1066592252 -0.1398803947 -0.0029203100 0.0073286770 -0.0039076139 0.0246680919 0.0032332179 -0.0383745953 0.1084129587 -0.1166577414 0.0840364173 -0.2374132425 0.2554684579 -0.6019594643 0.7885427997 0.0886111675 0.0000000000 0.0000000000 -0.2074775993
-0.7468544245 -0.0431198515 0.0133497231 0.1352224797 -0.0079772566 -0.0645902647 0.1634261882 -0.1338090052 -0.0274735569 -0.1735116294 0.3147952845 -0.6241481869 0.7764520847 0.0869551663 -0.7809020417 -0.6163716068 -0.1013806870 -0.0251205501 -0.1311800389 0.9910402390 -0.0839053711 -0.0932088543 -0.1429716362 -0.0030498514 0.0076025389 -0.0039939187 0.0250103325 0.0033566207 -0.0379567035 0.1072323695 -0.1153873652 0.0831212848 -0.2348278761 0.2526864707 -0.6011050708 0.7890577179 0.0892078127 0.0000000000 0.0000000000 -0.2091578120
-0.7467414141 -0.0416319743 0.0117891040 0.1358567625 -0.0079091331 -0.0647311019 0.1625404963 -0.1322453464 -0.0286301556 -0.1795598030 0.3113565519 -0.6235932906 0.7768421010 0.0874514608 -0.7813447011 -0.6157616805 -0.1016760098 -0.0251369466 -0.1317342131 0.9909663118 -0.0647446778 -0.0801103009 -0.1460533137 -0.0031821774 0.0078779692 -0.0040787440 0.0253455825 0.0034816868 -0.0375433676 0.1060646325 -0.1141308248 0.0822161138 -0.2322706580 0.2499347776 -0.6002452060 0.7895899315 0.0897383448 0.0000000000 0.0000000000 -0.2107971062
-0.7465646863 -0.0401732139 0.0102589559 0.1365164518 -0.0078245597 -0.0648777243 0.1616244847 -0.1306988432 -0.0297873535 -0.1856338416 0.3079323792 -0.6230244469 0.7772494218 0.0878855781 -0.7817988735 -0.6151516811 -0.1018770368 -0.0251209068 -0.1321807305 0.9909072583 -0.0463717038 -0.0673488846 -0.1491166285 -0.0033172937 0.0081547517 -0.0041621071 0.0256736949 0.0036083804 -0.0371345282 0.1049096137 -0.1128879637 0.0813207999 -0.2297412753 0.2472130507 -0.5993800242 0.7901391656 0.0902044077 0.0000000000 0.0000000000 -0.2123912580
-0.7463340759 -0.0387461409 0.0087644449 0.1371996254 -0.0077248467 -0.0650301315 0.1606780338 -0.1291693844 -0.0309439915 -0.1917304573 0.3045352993 -0.6224417567 0.7776738346 0.0882590870 -0.7822643663 -0.6145412701 -0.1019876882 -0.0250743052 -0.1325233345 0.9908626772 -0.0287728100 -0.0549111059 -0.1521533684 -0.0034552058 0.0084326714 -0.0042440249 0.0259945374 0.0037366645 -0.0367301404 0.1037671790 -0.1116586477 0.0804352388 -0.2272394598 0.2445209622 -0.5985096947 0.7907051087 0.0906075736 0.0000000000 0.0000000000 -0.2139367378
-0.7460581660 -0.0373526216 0.0073091425 0.1379043758 -0.0076113064 -0.0651883172 0.1597010409 -0.1276568017 -0.0320989477 -0.1978462976 0.3011760298 -0.6218453557 0.7781150887 0.0885734849 -0.7827409556 -0.6139301156 -0.1020118109 -0.0249989995 -0.1327656650 0.9908321393 -0.0119321385 -0.0427848811 -0.1551559712 -0.0035959210 0.0087115122 -0.0043245135 0.0263079964 0.0038665028 -0.0363301598 0.1026371792 -0.1104427055 0.0795593187 -0.2247648686 0.2418581843 -0.5976343987 0.7912874172 0.0909493491 0.0000000000 0.0000000000 -0.2154306493
-0.7457447052 -0.0359941758 0.0058964998 0.1386286765 -0.0074851308 -0.0653522699 0.1586934199 -0.1261608782 -0.0332511398 -0.2039779598 0.2978636776 -0.6212354119 0.7785728981 0.0888302052 -0.7832283903 -0.6133178947 -0.1019531690 -0.0248968198 -0.1329112576 0.9908151926 0.0041677891 -0.0309591954 -0.1581175334 -0.0037394457 0.0089910589 -0.0044035902 0.0266139917 0.0039978572 -0.0359345339 0.1015194803 -0.1092400104 0.0786929354 -0.2223172337 0.2392244041 -0.5967543269 0.7918857182 0.0912311826 0.0000000000 0.0000000000 -0.2168706518
-0.7454005480 -0.0346719623 0.0045291022 0.1393710077 -0.0073476303 -0.0655219725 0.1576551022 -0.1246813556 -0.0343995276 -0.2101220022 0.2946059035 -0.6206121220 0.7790469447 0.0890306235 -0.7837263954 -0.6127042957 -0.1018154363 -0.0247695592 -0.1329635436 0.9908113670 0.0195458384 -0.0194241411 -0.1610317632 -0.0038857860 0.0092710964 -0.0044812709 0.0269124582 0.0041306904 -0.0355432145 0.1004139632 -0.1080504134 0.0778359845 -0.2198962569 0.2366193086 -0.5958696776 0.7924996131 0.0914544692 0.0000000000 0.0000000000 -0.2182549169
-0.7450319529 -0.0333864950 0.0032087008 0.1401295662 -0.0072000572 -0.0656974030 0.1565860361 -0.1232179415 -0.0355431146 -0.2162749563 0.2914090813 -0.6199757094 0.7795368815 0.0891760627 -0.7842346755 -0.6120890201 -0.1016021914 -0.0246189666 -0.1329258513 0.9908201777 0.0342219677 -0.0081707551 -0.1638929980 -0.0040349495 0.0095514096 -0.0045575709 0.0272033568 0.0042649643 -0.0351561569 0.0993204787 -0.1068737730 0.0769883692 -0.2175016403 0.2340425849 -0.5949806537 0.7931286804 0.0916205566 0.0000000000 0.0000000000 -0.2195820778
-0.7446447611 -0.0321384519 0.0019363140 0.1409029067 -0.0070436029 -0.0658785346 0.1554861876 -0.1217703150 -0.0366809492 -0.2224333354 0.2882784156 -0.6193264207 0.7800423352 0.0892677991 -0.7847529175 -0.6114717833 -0.1013169123 -0.0244467406 -0.1328014065 0.9908411292 0.0482168252 0.0028090811 -0.1666961873 -0.0041869432 0.0098317834 -0.0046325051 0.0274866633 0.0044006398 -0.0347733162 0.0982389003 -0.1057099476 0.0761499852 -0.2151331007 0.2314939201 -0.5940874618 0.7937724787 0.0917307496 0.0000000000 0.0000000000 -0.2208511695
-0.7442437410 -0.0309271608 0.0007134377 0.1416893601 -0.0068794000 -0.0660653357 0.1543555400 -0.1203381326 -0.0378121247 -0.2285936389 0.2852180231 -0.6186645232 0.7805629095 0.0893070655 -0.7852807942 -0.6108523161 -0.1009629748 -0.0242545255 -0.1325933340 0.9908737184 0.0615515281 0.0135231498 -0.1694368599 -0.0043417737 0.0101120044 -0.0047060871 0.0277623795 0.0045376793 -0.0343946405 0.0971691012 -0.1045587882 0.0753207356 -0.2127903551 0.2289730012 -0.5931903100 0.7944305493 0.0917863134 0.0000000000 0.0000000000 -0.2220615836
-0.7438335419 -0.0297525823 -0.0004597604 0.1424877644 -0.0067084618 -0.0662577704 0.1531940943 -0.1189210330 -0.0389357814 -0.2347523700 0.2822311021 -0.6179903027 0.7810981876 0.0892950561 -0.7858179663 -0.6102303649 -0.1005436499 -0.0240439080 -0.1323046600 0.9909174372 0.0742474761 0.0239778565 -0.1721110937 -0.0044994480 0.0103918593 -0.0047783293 0.0280305203 0.0046760440 -0.0340200923 0.0961109549 -0.1034201682 0.0745005086 -0.2104731202 0.2264795452 -0.5922894066 0.7951024183 0.0917884777 0.0000000000 0.0000000000 -0.2232130325
-0.7434180379 -0.0286147241 -0.0015831875 0.1432966292 -0.0065319799 -0.0664557988 0.1520018687 -0.1175186413 -0.0400511062 -0.2409060392 0.2793199878 -0.6173040608 0.7816477342 0.0892329323 -0.7863640855 -0.6096056926 -0.1000621035 -0.0238164130 -0.1319383160 0.9909717752 0.0863261272 0.0341790683 -0.1747154656 -0.0046599740 0.0106711369 -0.0048492444 0.0282911193 0.0048156963 -0.0336496234 0.0950643271 -0.1022939458 0.0736892149 -0.2081811130 0.2240132391 -0.5913849587 0.7957875985 0.0917384425 0.0000000000 0.0000000000 -0.2243055047
-0.7430007458 -0.0275120772 -0.0026568708 0.1441147029 -0.0063509685 -0.0666593768 0.1507788990 -0.1161305737 -0.0411573336 -0.2470511757 0.2764862687 -0.6166061126 0.7822110982 0.0891218250 -0.7869187962 -0.6089780783 -0.0995213963 -0.0235735030 -0.1314971406 0.9910362213 0.0978089329 0.0441325092 -0.1772470915 -0.0048233587 0.0109496247 -0.0049188412 0.0285442304 0.0049565984 -0.0332831852 0.0940290987 -0.1011799946 0.0728867576 -0.2059140652 0.2215737849 -0.5904771714 0.7964855917 0.0916373796 0.0000000000 0.0000000000 -0.2253392372
-0.7425845861 -0.0264449771 -0.0036813451 0.1449407786 -0.0061662011 -0.0668684568 0.1495252381 -0.1147564400 -0.0422537453 -0.2531843354 0.2737308651 -0.6158967848 0.7827878154 0.0889628378 -0.7874817380 -0.6083473175 -0.0989244844 -0.0233165773 -0.1309838821 0.9911102662 0.1087170200 0.0538427825 -0.1797035772 -0.0049896091 0.0112271104 -0.0049871299 0.0287899189 0.0050987122 -0.0329207405 0.0930051506 -0.1000781655 0.0720930398 -0.2036717087 0.2191608995 -0.5895662464 0.7971958901 0.0914864356 0.0000000000 0.0000000000 -0.2263146695
-0.7421723604 -0.0254119933 -0.0046567433 0.1457738131 -0.0059786323 -0.0670829876 0.1482409563 -0.1133958474 -0.0433396708 -0.2593021117 0.2710541280 -0.6151764133 0.7833774099 0.0887570509 -0.7880525475 -0.6077132218 -0.0982742207 -0.0230469711 -0.1304012026 0.9911934037 0.1190713444 0.0633146862 -0.1820829247 -0.0051587326 0.0115033863 -0.0050541176 0.0290282629 0.0052420008 -0.0325622410 0.0919923410 -0.0989883393 0.0713079646 -0.2014537752 0.2167742848 -0.5886523816 0.7979179785 0.0912867350 0.0000000000 0.0000000000 -0.2272324358
-0.7417668104 -0.0244123228 -0.0055846437 0.1466128677 -0.0057890364 -0.0673029150 0.1469261405 -0.1120484029 -0.0444144861 -0.2654011380 0.2684558781 -0.6144453418 0.7839793968 0.0885055217 -0.7886308599 -0.6070756189 -0.0975733558 -0.0227659562 -0.1297516796 0.9912851320 0.1288925136 0.0725521452 -0.1843835632 -0.0053307363 0.0117782420 -0.0051198108 0.0292593539 0.0053864270 -0.0322076455 0.0909905657 -0.0979103819 0.0705314353 -0.1992599964 0.2144136727 -0.5877357700 0.7986513354 0.0910393816 0.0000000000 0.0000000000 -0.2280933333
-0.7413691282 -0.0234448407 -0.0064650322 0.1474565566 -0.0055980692 -0.0675281816 0.1455808945 -0.1107137160 -0.0454776123 -0.2714780884 0.2659354177 -0.6137039194 0.7845932835 0.0882092895 -0.7892163108 -0.6064343518 -0.0968245408 -0.0224747411 -0.1290378102 0.9913849553 0.1382005007 0.0815590625 -0.1866043018 -0.0055056270 0.0120514696 -0.0051842150 0.0294832978 0.0055319550 -0.0318569131 0.0899997056 -0.0968441591 0.0697633624 -0.1970901042 0.2120787501 -0.5868165994 0.7993954347 0.0907454614 0.0000000000 0.0000000000 -0.2288982782
-0.7409815788 -0.0225086454 -0.0072996812 0.1483042836 -0.0054065655 -0.0677587273 0.1442053385 -0.1093914006 -0.0465285185 -0.2775297051 0.2634917570 -0.6129525000 0.7852185718 0.0878693760 -0.7898085372 -0.6057892788 -0.0960303296 -0.0221744723 -0.1282620140 0.9914923845 0.1470149020 0.0903385812 -0.1887442737 -0.0056834118 0.0123228645 -0.0052473340 0.0297002085 0.0056785489 -0.0315099992 0.0890196264 -0.0957895517 0.0690036565 -0.1949438453 0.2097692639 -0.5858950519 0.8001497470 0.0904060443 0.0000000000 0.0000000000 -0.2296483154
-0.7406057119 -0.0216030981 -0.0080892472 0.1491550654 -0.0052150609 -0.0679944897 0.1427996087 -0.1080810766 -0.0475667174 -0.2835527847 0.2611235149 -0.6121914400 0.7858547591 0.0874867893 -0.7904071789 -0.6051402728 -0.0951931812 -0.0218662350 -0.1274266370 0.9916069382 0.1553546464 0.0988938793 -0.1908029780 -0.0058640982 0.0125922188 -0.0053091701 0.0299102031 0.0058261738 -0.0311668627 0.0880502239 -0.0947464257 0.0682522282 -0.1928209513 0.2074849308 -0.5849713031 0.8009137406 0.0900221863 0.0000000000 0.0000000000 -0.2303445759
-0.7402424812 -0.0207267888 -0.0088347727 0.1500080377 -0.0050240331 -0.0682354037 0.1413638573 -0.1067823720 -0.0485917650 -0.2895441850 0.2588289834 -0.6114210972 0.7865013408 0.0870625229 -0.7910118798 -0.6044872204 -0.0943154626 -0.0215510554 -0.1265339535 0.9917281435 0.1632382153 0.1072280518 -0.1927801957 -0.0060476921 0.0128593296 -0.0053697247 0.0301134177 0.0059747947 -0.0308274627 0.0870913789 -0.0937146619 0.0675089732 -0.1907211691 0.2052254677 -0.5840455226 0.8016868828 0.0895949297 0.0000000000 0.0000000000 -0.2309882834
-0.7398930788 -0.0198788121 -0.0095379287 0.1508623809 -0.0048340778 -0.0684814025 0.1398982520 -0.1054949240 -0.0496032607 -0.2955008384 0.2566062397 -0.6106418295 0.7871578108 0.0865975580 -0.7916222883 -0.6038300218 -0.0933994511 -0.0212299021 -0.1255861687 0.9918555366 0.1706834852 0.1153436753 -0.1946759449 -0.0062342007 0.0131239947 -0.0054289987 0.0303099845 0.0061243782 -0.0304917581 0.0861429796 -0.0926941261 0.0667738169 -0.1886442602 0.2029906213 -0.5831178729 0.8024686413 0.0891253046 0.0000000000 0.0000000000 -0.2315807290
-0.7395581007 -0.0190580655 -0.0101994909 0.1517174393 -0.0046456717 -0.0687324172 0.1384029754 -0.1042183798 -0.0506008452 -0.3014197495 0.2544531334 -0.6098539941 0.7878236633 0.0860928657 -0.7922380588 -0.6031685901 -0.0924473373 -0.0209036875 -0.1245854227 0.9919886634 0.1777076133 0.1232434119 -0.1964905085 -0.0064236298 0.0133860130 -0.0054869899 0.0305000525 0.0062748911 -0.0301597118 0.0852048993 -0.0916847140 0.0660466701 -0.1865899712 0.2007800937 -0.5821885097 0.8032584850 0.0886143304 0.0000000000 0.0000000000 -0.2321232482
-0.7392384410 -0.0182636082 -0.0108208749 0.1525724530 -0.0044591730 -0.0689883773 0.1368782251 -0.1029523982 -0.0515841998 -0.3072980035 0.2523673639 -0.6090579461 0.7884983940 0.0855494067 -0.7928588518 -0.6025028504 -0.0914612288 -0.0205732707 -0.1235337925 0.9921270799 0.1843272114 0.1309295495 -0.1982244033 -0.0066159861 0.0136451824 -0.0055436967 0.0306837689 0.0064263004 -0.0298312791 0.0842770413 -0.0906862840 0.0653274357 -0.1845580637 0.1985936463 -0.5812575818 0.8040558849 0.0880630164 0.0000000000 0.0000000000 -0.2326172265
-0.7389343977 -0.0174946003 -0.0114032151 0.1534267217 -0.0042748787 -0.0692492106 0.1353242129 -0.1016966499 -0.0525530444 -0.3131327625 0.2503464590 -0.6082540379 0.7891815011 0.0849681336 -0.7934843349 -0.6018327396 -0.0904431522 -0.0202394580 -0.1224332955 0.9922703525 0.1905582655 0.1384043105 -0.1998783303 -0.0068112770 0.0139013082 -0.0055991160 0.0308612809 0.0065785749 -0.0295064244 0.0833592862 -0.0896987319 0.0646160394 -0.1825482696 0.1964310110 -0.5803252309 0.8048603149 0.0874723631 0.0000000000 0.0000000000 -0.2330640828
-0.7386462092 -0.0167499688 -0.0119483443 0.1542795897 -0.0040931473 -0.0695148441 0.1337411646 -0.1004508181 -0.0535071366 -0.3189212740 0.2483878508 -0.6074426181 0.7898724864 0.0843499909 -0.7941141832 -0.6011582054 -0.0893950563 -0.0199030063 -0.1212858912 0.9924180586 0.1964161954 0.1456698842 -0.2014531435 -0.0070095076 0.0141541930 -0.0056532435 0.0310327560 0.0067316853 -0.0291851051 0.0824515224 -0.0887219384 0.0639123842 -0.1805603504 0.1942919344 -0.5793915916 0.8056712530 0.0868433627 0.0000000000 0.0000000000 -0.2334652645
-0.7383742332 -0.0160289053 -0.0124565773 0.1551306099 -0.0039143958 -0.0697852032 0.1321293194 -0.0992145994 -0.0544462703 -0.3246608737 0.2464889060 -0.6066240312 0.7905708561 0.0836959151 -0.7947480797 -0.6004792058 -0.0883188154 -0.0195646249 -0.1200934836 0.9925697863 0.2019156648 0.1527286106 -0.2029498612 -0.0072106831 0.0144036394 -0.0057060742 0.0311983433 0.0068855984 -0.0288672876 0.0815536454 -0.0877557769 0.0632163957 -0.1785940975 0.1921761334 -0.5784567914 0.8064881818 0.0861769986 0.0000000000 0.0000000000 -0.2338222227
-0.7381185293 -0.0153307002 -0.0129298959 0.1559791416 -0.0037388031 -0.0700602126 0.1304889296 -0.0979877034 -0.0553702739 -0.3303489820 0.2446469108 -0.6057986164 0.7912761223 0.0830068352 -0.7953857156 -0.5997957089 -0.0872162315 -0.0192249779 -0.1188579234 0.9927251353 0.2070709577 0.1595823906 -0.2043696862 -0.0074148104 0.0146494582 -0.0057576015 0.0313582122 0.0070402883 -0.0285529289 0.0806655437 -0.0868001357 0.0625279844 -0.1766492575 0.1900833845 -0.5775209511 0.8073105896 0.0854742463 0.0000000000 0.0000000000 -0.2341364391
-0.7378587723 -0.0148180490 -0.0130935423 0.1564794332 -0.0035664288 -0.0703397963 0.1288202603 -0.0967698538 -0.0562790087 -0.3359831081 0.2428591105 -0.6049667074 0.7919878029 0.0822836737 -0.7960267908 -0.5991076915 -0.0860890373 -0.0188846857 -0.1175810101 0.9928837166 0.2118956911 0.1662335009 -0.2057139338 -0.0076218946 0.0148914587 -0.0058078188 0.0315125212 0.0071957242 -0.0282419939 0.0797871128 -0.0858549029 0.0618470684 -0.1747255772 0.1880134195 -0.5765841843 0.8081379709 0.0847360738 0.0000000000 0.0000000000 -0.2344093917
-0.7375199795 -0.0151159279 -0.0118967937 0.1552862078 -0.0033976305 -0.0706238777 0.1271235877 -0.0955607804 -0.0571724213 -0.3415611952 0.2411256647 -0.6041286319 0.7927054221 0.0815273567 -0.7966710180 -0.5984151656 -0.0849386761 -0.0185441424 -0.1162643684 0.9930451709 0.2164926183 0.1726795000 -0.2069839587 -0.0078319404 0.0151294470 -0.0058567189 0.0316614509 0.0073518800 -0.0279344469 0.0789182559 -0.0849199668 0.0611735657 -0.1728228629 0.1859660000 -0.5756465825 0.8089698373 0.0839634464 0.0000000000 0.0000000000 -0.2346501288
