# Actions and States
# action[0], ..., state[0], ..., command[0], ...
-0.9716441035 0.2634993494 -0.0476657785 0.0860837623 0.0867335275 -0.0588968153 0.2498332823 0.1181627981 0.0000000000 0.0000000000 0.0000000000 0.9230970140 0.3845671628 0.0000000000 -0.3845671628 0.9230970140 0.0000000000 0.0000000000 0.0000000000 1.0000000000 0.0000000000 0.0000000000 0.0000000000 -0.0000017783 0.0000075434 0.0000035678 0.0011391902 0.0000028480 -0.0574827529 0.2438350022 0.1153258085 0.1396948695 -0.5925690532 -0.2802653611 0.9239708105 0.3824629933 0.0000000000 0.0000000000 0.0000000000 -0.2278395677
-0.9683672190 0.2702420354 -0.0503437892 0.0893198550 0.0802653953 -0.0588968153 0.2498332822 0.1180917882 -0.0000000059 -0.0000000932 -0.0284039619 0.9230821460 0.3846028491 0.0000152238 -0.3846028494 0.9230821455 0.0000309231 -0.0000021597 -0.0000343997 0.9999999994 0.0123693792 -0.0060879356 0.0154639336 -0.0000070917 0.0000300823 0.0000140504 0.0023170481 0.0000114882 -0.0567885041 0.2408900857 0.1139329597 0.1380077004 -0.5854123235 -0.2768804431 0.9244059119 0.3814101593 0.0000151168 0.0000000000 0.0000000000 -0.2278397549
-0.9635487199 0.2763392329 -0.0514864326 0.0928162113 0.0728567764 -0.0588968156 0.2498332791 0.1178436834 -0.0000001238 -0.0000011865 -0.0637369354 0.9230315275 0.3847243046 0.0000936633 -0.3847243149 0.9230315158 0.0001496961 -0.0000288625 -0.0001742088 0.9999999844 0.0320502871 -0.0237593478 0.0333054511 -0.0000158975 0.0000674351 0.0000307418 0.0035878411 0.0000262486 -0.0561026409 0.2379807383 0.1125569344 0.1363409162 -0.5783419609 -0.2735364437 0.9248398109 0.3803568152 0.0000929546 0.0000000000 0.0000000000 -0.2278425538
-0.9577928185 0.2792436481 -0.0498218909 0.0962841660 0.0660164803 -0.0588968183 0.2498332631 0.1174198220 -0.0000009758 -0.0000050914 -0.0987496450 0.9229487801 0.3849226668 0.0002999603 -0.3849227622 0.9229487086 0.0003852011 -0.0001285754 -0.0004709825 0.9999998808 0.0580211056 -0.0546975723 0.0491945194 -0.0000281531 0.0001194219 0.0000526747 0.0049420698 0.0000475687 -0.0554250628 0.2351065278 0.1111975312 0.1346942633 -0.5713570714 -0.2702327967 0.9252724768 0.3793028691 0.0002976123 0.0000000000 0.0000000000 -0.2278569071
-0.9509261250 0.2788360417 -0.0457880497 0.0997348949 0.0596463829 -0.0588968308 0.2498332121 0.1168220993 -0.0000039336 -0.0000145681 -0.1333507797 0.9228373153 0.3851893104 0.0006961311 -0.3851897843 0.9228370587 0.0007701773 -0.0003457515 -0.0009788910 0.9999994611 0.0905702203 -0.0969780106 0.0633996847 -0.0000438169 0.0001858653 0.0000788912 0.0063706916 0.0000758414 -0.0547556654 0.2322670221 0.1098545417 0.1330674887 -0.5644565225 -0.2669690549 0.9257037771 0.3782480192 0.0006903274 0.0000000000 0.0000000000 -0.2279024691
-0.9427527785 0.2750777602 -0.0398689508 0.1031763181 0.0536171794 -0.0588968699 0.2498330871 0.1160528575 -0.0000111207 -0.0000334942 -0.1674428232 0.9226997514 0.3855170471 0.0013323227 -0.3855186887 0.9226990580 0.0013375143 -0.0007136984 -0.0017477594 0.9999982180 0.1297345201 -0.1484599867 0.0762660332 -0.0000628475 0.0002665895 0.0001084451 0.0078665726 0.0001114191 -0.0540943556 0.2294618189 0.1085277721 0.1314603686 -0.5576392412 -0.2637447417 0.9261333728 0.3771915823 0.0013202224 0.0000000000 0.0000000000 -0.2280121985
-0.9330490232 0.2678598166 -0.0323904939 0.1066136658 0.0478060953 -0.0588969649 0.2498328259 0.1151149936 -0.0000254271 -0.0000670847 -0.2009054851 0.9225379145 0.3858999012 0.0022500132 -0.3859044117 0.9225363350 0.0021202701 -0.0012575069 -0.0028243196 0.9999952209 0.1755679394 -0.2076811960 0.0881057590 -0.0000852044 0.0003614209 0.0001404043 0.0094244126 0.0001546232 -0.0534410290 0.2266905010 0.1072170287 0.1298726499 -0.5509043932 -0.2605593503 0.9265606114 0.3761323038 0.0022274848 0.0000000000 0.0000000000 -0.2282344196
-0.9215638638 0.2569927871 -0.0235411245 0.1100504398 0.0420938395 -0.0588971624 0.2498323351 0.1140120792 -0.0000506165 -0.0001222401 -0.2335939104 0.9223528465 0.3863328612 0.0034852456 -0.3863434208 0.9223496230 0.0031518411 -0.0019969551 -0.0042536113 0.9999889594 0.2281709118 -0.2737737901 0.0992023875 -0.0001108475 0.0004701873 0.0001738538 0.0110406773 0.0002057526 -0.0527955964 0.2239526361 0.1059221178 0.1283041239 -0.5442508459 -0.2574124634 0.9269844247 0.3750681515 0.0034465785 0.0000000000 0.0000000000 -0.2286348994
-0.9080230594 0.2422004789 -0.0133987991 0.1134891286 0.0363609456 -0.0588975310 0.2498314806 0.1127484872 -0.0000915306 -0.0002080511 -0.2653373864 0.9221447970 0.3868116540 0.0050712540 -0.3868336566 0.9221386960 0.0044662638 -0.0029487967 -0.0060802737 0.9999771672 0.2877150330 -0.3463502872 0.1098178303 -0.0001397378 0.0005927182 0.0002078994 0.0127135646 0.0002650932 -0.0521579571 0.2212478518 0.1046428457 0.1267545223 -0.5376776457 -0.2543035746 0.9274032290 0.3739960866 0.0050088365 0.0000000000 0.0000000000 -0.2292993911
-0.8921377063 0.2231145799 -0.0019538824 0.1169325039 0.0304851215 -0.0588981672 0.2498300745 0.1113295236 -0.0001543973 -0.0003364877 -0.2959385814 0.9219131980 0.3873325258 0.0070405835 -0.3873745094 0.9219022705 0.0060986155 -0.0041285378 -0.0083497367 0.9999566176 0.3544608742 -0.4254113426 0.1201976373 -0.0001718369 0.0007288443 0.0002416725 0.0144430250 0.0003329258 -0.0515280180 0.2185757309 0.1033790186 0.1252236515 -0.5311838388 -0.2512322068 0.9278148157 0.3729117998 0.0069445351 0.0000000000 0.0000000000 -0.2303370314
-0.8736165762 0.1992739588 0.0108725019 0.1203836650 0.0243383255 -0.0588992041 0.2498278582 0.1097615602 -0.0002472424 -0.0005232945 -0.3251738670 0.9216566180 0.3878920132 0.0094267987 -0.3879668232 0.9216378732 0.0080854737 -0.0055518041 -0.0111093155 0.9999228773 0.4287677468 -0.5112693793 0.1305741953 -0.0002071076 0.0008783971 0.0002743343 0.0162308235 0.0004095357 -0.0509056896 0.2159358859 0.1021304578 0.1237112582 -0.5247684717 -0.2481979579 0.9282162220 0.3718093955 0.0092845385 0.0000000000 0.0000000000 -0.2318848941
-0.8532001972 0.1736016870 0.0216699280 0.1239531338 0.0183761287 -0.0589008366 0.2498244501 0.1080545908 -0.0003864425 -0.0008012858 -0.3518233369 0.9213746275 0.3884835073 0.0122213099 -0.3886089559 0.9213435780 0.0104446493 -0.0072024514 -0.0143727453 0.9998707661 0.5027736783 -0.5866883137 0.1395209953 -0.0002455139 0.0010412086 0.0003050881 0.0180762243 0.0004952105 -0.0502908751 0.2133279145 0.1008969769 0.1222171411 -0.5184305906 -0.2452003360 0.9286042848 0.3706820798 0.0120174994 0.0000000000 0.0000000000 -0.2339869128
-0.8319487572 0.1485569030 0.0284148529 0.1275520772 0.0129510071 -0.0589033567 0.2498192690 0.1062246733 -0.0005923774 -0.0012130166 -0.3749289783 0.9210700801 0.3890947684 0.0153352153 -0.3892926944 0.9210201783 0.0131540546 -0.0090058689 -0.0180856934 0.9997958802 0.5704134462 -0.6412041521 0.1460650743 -0.0002870217 0.0012171105 0.0003332032 0.0199713819 0.0005902164 -0.0496834889 0.2107514590 0.0996783972 0.1207410619 -0.5121692419 -0.2422389388 0.9289771380 0.3695243345 0.0150524226 0.0000000000 0.0000000000 -0.2365817878
-0.8075467944 0.1328545511 0.0334003493 0.1296950281 0.0081012864 -0.0589071550 0.2498115181 0.1042906586 -0.0008834296 -0.0018007912 -0.3942042329 0.9207472353 0.3897128912 0.0186652357 -0.3900078723 0.9206694338 0.0161756993 -0.0108806335 -0.0221733192 0.9996949313 0.6303744373 -0.6767784148 0.1502466566 -0.0003315988 0.0014059326 0.0003580371 0.0219062530 0.0006947748 -0.0490834340 0.2082061023 0.0984745324 0.1192828119 -0.5059835315 -0.2393132895 0.9293343869 0.3683323893 0.0182844765 0.0000000000 0.0000000000 -0.2395798466
-0.7825154662 0.1196207851 0.0363523513 0.1309909225 0.0037947115 -0.0589127190 0.2498001637 0.1022729911 -0.0012809467 -0.0026177979 -0.4091622203 0.9204103532 0.3903266896 0.0221327137 -0.3907451905 0.9202928074 0.0194767741 -0.0127662724 -0.0265748759 0.9995653046 0.6850471265 -0.6989291465 0.1523183498 -0.0003792157 0.0016075023 0.0003790467 0.0238716993 0.0008090591 -0.0484906286 0.2056914866 0.0972852036 0.1178421751 -0.4998725057 -0.2364229858 0.9296765555 0.3671036178 0.0216336413 0.0000000000 0.0000000000 -0.2429371382
-0.7578320503 0.1063471138 0.0379343815 0.1324863583 -0.0000185370 -0.0589206391 0.2497838973 0.1001940524 -0.0018036277 -0.0037175786 -0.4195990405 0.9200635248 0.3909264856 0.0256825450 -0.3914963101 0.9198913141 0.0230349617 -0.0146201734 -0.0312482497 0.9994047215 0.7355088104 -0.7113092262 0.1525202383 -0.0004298461 0.0018216432 0.0003957965 0.0258596167 0.0009331994 -0.0479049832 0.2032072544 0.0961102396 0.1164189354 -0.4938353002 -0.2335675955 0.9300047538 0.3658361096 0.0250434767 0.0000000000 0.0000000000 -0.2466031317
-0.7343497276 0.0932761878 0.0384593718 0.1338045746 -0.0033823720 -0.0589315866 0.2497611510 0.0980764284 -0.0024660519 -0.0051511090 -0.4255450470 0.9197106780 0.3915040810 0.0292715444 -0.3922537034 0.9194657249 0.0268293300 -0.0164103896 -0.0361570930 0.9992113709 0.7817029602 -0.7156045864 0.1510733472 -0.0004834674 0.0020481732 0.0004079647 0.0278627202 0.0010672875 -0.0473264121 0.2007530183 0.0949494690 0.1150128841 -0.4878709912 -0.2307466716 0.9303205926 0.3645288328 0.0284696783 0.0000000000 0.0000000000 -0.2505048797
-0.7127541304 0.0804703683 0.0381464846 0.1348738968 -0.0063290945 -0.0589462913 0.2497301149 0.0959420645 -0.0032779181 -0.0069646430 -0.4271905777 0.9193555874 0.3920527367 0.0328626770 -0.3930105472 0.9190167110 0.0308382032 -0.0181111473 -0.0412666531 0.9989840087 0.8235176010 -0.7129767596 0.1481826344 -0.0005400608 0.0022869040 0.0004153416 0.0298743974 0.0012113801 -0.0467548259 0.1983284205 0.0938027203 0.1136238128 -0.4819787443 -0.2279598266 0.9306261310 0.3631817502 0.0318743864 0.0000000000 0.0000000000 -0.2545629416
-0.6935225725 0.0679375455 0.0371638276 0.1357215941 -0.0088861631 -0.0589655152 0.2496887692 0.0938115489 -0.0042433113 -0.0091970741 -0.4248569440 0.9190018391 0.3925670748 0.0364240518 -0.3937606660 0.9185449153 0.0350396409 -0.0197017183 -0.0465438533 0.9987219393 0.8609083367 -0.7043904301 0.1440401606 -0.0005996117 0.0025376391 0.0004178245 0.0318886116 0.0013655028 -0.0461901464 0.1959331185 0.0926698148 0.1122515276 -0.4761576355 -0.2252066433 0.9309237465 0.3617957614 0.0352251862 0.0000000000 0.0000000000 -0.2586972806
-0.6769286394 0.0557190217 0.0356268771 0.1363782883 -0.0110777849 -0.0589900231 0.2496349258 0.0917035650 -0.0053606058 -0.0118782293 -0.4189598928 0.9186527968 0.3930429902 0.0399280205 -0.3944984929 0.9180510128 0.0394116359 -0.0211654924 -0.0519571534 0.9984249978 0.8938623981 -0.6906386242 0.1388267579 -0.0006621096 0.0028001741 0.0004154102 0.0338998511 0.0015296519 -0.0456322841 0.1935667247 0.0915505961 0.1108958051 -0.4704068303 -0.2224867195 0.9312160196 0.3603726372 0.0384942105 0.0000000000 0.0000000000 -0.2628288810
-0.6630525589 0.0438769720 0.0336175039 0.1368758231 -0.0129264547 -0.0590205561 0.2495662772 0.0896345312 -0.0066228941 -0.0150281194 -0.4099722552 0.9183115718 0.3934775615 0.0433504974 -0.3952190397 0.9175357587 0.0439322450 -0.0224892789 -0.0574764309 0.9980935288 0.9223969763 -0.6724034707 0.1327128668 -0.0007275484 0.0030742940 0.0004081836 0.0359030887 0.0017037974 -0.0450811610 0.1912289262 0.0904448926 0.1095564663 -0.4647254944 -0.2197996378 0.9315056310 0.3589149425 0.0416574586 0.0000000000 0.0000000000 -0.2668817863
-0.6518185139 0.0324797407 0.0311991908 0.1372457445 -0.0144531196 -0.0590578065 0.2494804445 0.0876184235 -0.0080188314 -0.0186571541 -0.3983882905 0.9179809934 0.3938689541 0.0466705760 -0.3959178758 0.9170000244 0.0485797379 -0.0236628688 -0.0630729914 0.9977283530 0.9465622651 -0.6503051105 0.1258587789 -0.0007959260 0.0033597748 0.0003963066 0.0378937498 0.0018878852 -0.0445366949 0.1889193654 0.0893525481 0.1082332954 -0.4591127634 -0.2171449959 0.9317952638 0.3574259373 0.0446944020 0.0000000000 0.0000000000 -0.2707851611
-0.6430399418 0.0215915702 0.0284269731 0.1375178099 -0.0156780146 -0.0591023998 0.2493750234 0.0856667601 -0.0095337015 -0.0227670817 -0.3846938660 0.9176635824 0.3942163121 0.0498703196 -0.3965911101 0.9164448203 0.0533327553 -0.0246787540 -0.0687196527 0.9973307217 0.9664417696 -0.6249278441 0.1184147360 -0.0008672437 0.0036563817 0.0003800059 0.0398676880 0.0020818398 -0.0439988002 0.1866376847 0.0882733911 0.1069261059 -0.4535678327 -0.2145224363 0.9320875119 0.3559094584 0.0475877577 0.0000000000 0.0000000000 -0.2744750583
-0.6364619136 0.0112660527 0.0253546126 0.1377195269 -0.0166213103 -0.0591548804 0.2492476232 0.0837887128 -0.0111505249 -0.0273523534 -0.3693446158 0.9173615294 0.3945196437 0.0529346304 -0.3972353778 0.9158713075 0.0581704616 -0.0255319193 -0.0743908515 0.9969022632 0.9821502471 -0.5968300292 0.1105208256 -0.0009415066 0.0039638705 0.0003595603 0.0418211669 0.0022855657 -0.0434674062 0.1843835711 0.0872072652 0.1056347042 -0.4480898678 -0.2119315416 0.9323847989 0.3543697904 0.0503233324 0.0000000000 0.0000000000 -0.2778957778
-0.6318017244 0.0015427979 0.0220339093 0.1378753930 -0.0173032898 -0.0592157039 0.2490958991 0.0819913029 -0.0128510848 -0.0324016614 -0.3527519411 0.9170766796 0.3947797041 0.0558511315 -0.3978478270 0.9152808001 0.0630726842 -0.0262196528 -0.0800627391 0.9964449245 0.9938301795 -0.5665427800 0.1023067131 -0.0010187223 0.0042819856 0.0003352902 0.0437508598 0.0024989499 -0.0429424271 0.1821566820 0.0861540213 0.1043589041 -0.4426780641 -0.2093719393 0.9326893102 0.3528115316 0.0528898750 0.0000000000 0.0000000000 -0.2810007646
-0.6287757754 -0.0075538955 0.0185170174 0.1380069852 -0.0177447051 -0.0592852331 0.2489175761 0.0802796447 -0.0146167776 -0.0378993966 -0.3352764794 0.9168105258 0.3949978787 0.0586100295 -0.3984261037 0.9146747592 0.0680200316 -0.0267413465 -0.0857132467 0.9959609128 1.0016469193 -0.5345659409 0.0938913949 -0.0010989011 0.0046104621 0.0003075470 0.0456538536 0.0027218636 -0.0424237922 0.1799566746 0.0851134956 0.1030985117 -0.4373316169 -0.2068432420 0.9330029418 0.3512394631 0.0552789060 0.0000000000 0.0000000000 -0.2837530203
-0.6408867836 -0.0234660637 0.0142621864 0.1377167255 -0.0179666616 -0.0593637385 0.2487104670 0.0786572053 -0.0164292698 -0.0438269234 -0.3172269745 0.9165642096 0.3951760703 0.0612039474 -0.3989683355 0.9140547823 0.0729939875 -0.0270982837 -0.0913221134 0.9954526381 1.0057834464 -0.5013614808 0.0853829476 -0.0011820550 0.0049490267 0.0002767043 0.0475276113 0.0029541648 -0.0419114195 0.1777832508 0.0840855390 0.1018533409 -0.4320497513 -0.2043450922 0.9333272657 0.3496584280 0.0574845165 0.0000000000 0.0000000000 -0.2861250811
-0.6565693617 -0.0399732925 0.0090853162 0.1373198926 -0.0179901980 -0.0594512648 0.2484729525 0.0771210742 -0.0182164351 -0.0499750590 -0.3008559031 0.9163386760 0.3953171108 0.0636224239 -0.3994729620 0.9134231204 0.0779715055 -0.0272907227 -0.0968637443 0.9949234300 1.0042343018 -0.4652176082 0.0768814913 -0.0012681975 0.0052973968 0.0002431378 0.0493696593 0.0031956984 -0.0414052308 0.1756360829 0.0830699950 0.1006232053 -0.4268316627 -0.2018771172 0.9336638112 0.3480741370 0.0594981710 0.0000000000 0.0000000000 -0.2879560136
-0.6695169210 -0.0535934828 0.0031396048 0.1370000839 -0.0177876670 -0.0595475404 0.2482043827 0.0756588294 -0.0199375746 -0.0562151268 -0.2872271332 0.9161347403 0.3954250363 0.0658496644 -0.3999386206 0.9127832016 0.0829212080 -0.0273173458 -0.1023028233 0.9943781449 0.9961987913 -0.4262165351 0.0684849898 -0.0013573417 0.0056552854 0.0002071857 0.0511772595 0.0034462970 -0.0409051627 0.1735148281 0.0820667148 0.0994079262 -0.4216766059 -0.1994389445 0.9340141562 0.3464937323 0.0613067323 0.0000000000 0.0000000000 -0.2891484186
-0.6800276041 -0.0646559224 -0.0031695855 0.1367598921 -0.0173557848 -0.0596522123 0.2479043680 0.0742571080 -0.0215893807 -0.0625386652 -0.2760722632 0.9159527600 0.3955039693 0.0678760024 -0.4003644232 0.9121388609 0.0878124543 -0.0271821653 -0.1076071964 0.9938218257 0.9823266679 -0.3861250186 0.0602933147 -0.0014494994 0.0060224067 0.0001691225 0.0529479980 0.0037057798 -0.0404111296 0.1714192033 0.0810755566 0.0982073247 -0.4165838063 -0.1970302314 0.9343791853 0.3449239337 0.0629033749 0.0000000000 0.0000000000 -0.2897108427
-0.6885231733 -0.0735998377 -0.0094558457 0.1365983486 -0.0167288072 -0.0597649436 0.2475724468 0.0729049219 -0.0231751431 -0.0689605663 -0.2669381223 0.9157925337 0.3955576058 0.0697009023 -0.4007501109 0.9114938676 0.0926189937 -0.0268957976 -0.1127524272 0.9932590328 0.9634763835 -0.3465426704 0.0523999664 -0.0015446814 0.0063984711 0.0001291625 0.0546801053 0.0039739562 -0.0399230644 0.1693488955 0.0800963640 0.0970212296 -0.4115525186 -0.1946505904 0.9347588791 0.3433701564 0.0642902828 0.0000000000 0.0000000000 -0.2896872915
-0.6953495741 -0.0807849988 -0.0154684959 0.1365140826 -0.0159491487 -0.0598854126 0.2472080864 0.0715933411 -0.0246976153 -0.0754941929 -0.2594436814 0.9156534030 0.3955892523 0.0713301410 -0.4010960307 0.9108518349 0.0973185953 -0.0264729995 -0.1177203394 0.9926938612 0.9404176009 -0.3084933017 0.0448807492 -0.0016428970 0.0067831920 0.0000874709 0.0563724972 0.0042506275 -0.0394408926 0.1673035771 0.0791290030 0.0958494544 -0.4065819979 -0.1922996938 0.9351525278 0.3418365913 0.0654757871 0.0000000000 0.0000000000 -0.2891322774
-0.7007896900 -0.0865003616 -0.0210615844 0.1365048885 -0.0150568429 -0.0600133098 0.2468106935 0.0703151387 -0.0261590172 -0.0821507809 -0.2532734769 0.9155343781 0.3956018917 0.0727732491 -0.4014030543 0.9102161783 0.1018925744 -0.0259304935 -0.1224975592 0.9921300104 0.9138290478 -0.2725574950 0.0377908815 -0.0017441541 0.0071762782 0.0000441733 0.0580246747 0.0045355922 -0.0389645435 0.1652829647 0.0781733245 0.0946918353 -0.4016714990 -0.1899771988 0.9355589633 0.3403263898 0.0664717900 0.0000000000 0.0000000000 -0.2881049996
-0.7050751448 -0.0909804925 -0.0261603650 0.1365679055 -0.0140882945 -0.0601483355 0.2463796247 0.0690644994 -0.0275611804 -0.0889395987 -0.2481656745 0.9154342460 0.3955982326 0.0740417425 -0.4016724839 0.9095900903 0.1063253651 -0.0252855087 -0.1270744110 0.9915708432 0.8843074799 -0.2390170635 0.0311670419 -0.0018484601 0.0075774379 -0.0000006367 0.0596366636 0.0048286477 -0.0384939499 0.1632867604 0.0772291869 0.0935481936 -0.3968203068 -0.1876827478 0.9359767463 0.3388418396 0.0672919901 0.0000000000 0.0000000000 -0.2866657311
-0.7083971500 -0.0944166929 -0.0307375789 0.1366995871 -0.0130749047 -0.0602901982 0.2459141958 0.0678367820 -0.0289056521 -0.0958681027 -0.2439023134 0.9153516581 0.3955807461 0.0751479566 -0.4019059602 0.9089765255 0.1106041374 -0.0245548613 -0.1314440923 0.9910194294 0.8523763324 -0.2079592197 0.0250300576 -0.0019558202 0.0079863798 -0.0000468909 0.0612089261 0.0051295911 -0.0380290411 0.1613146663 0.0762964487 0.0924183652 -0.3920277357 -0.1854160130 0.9364043059 0.3373845190 0.0679507159 0.0000000000 0.0000000000 -0.2848733531
-0.7109154463 -0.0969682038 -0.0347946882 0.1368960738 -0.0120436093 -0.0604386136 0.2454136903 0.0666283236 -0.0301937673 -0.1029420627 -0.2403015569 0.9152851981 0.3955516926 0.0761043008 -0.4021053770 0.9083781928 0.1147184583 -0.0237544069 -0.1356020554 0.9904785766 0.8184939199 -0.1793492138 0.0193876814 -0.0020662397 0.0084028067 -0.0000945410 0.0627422780 0.0054382244 -0.0375697464 0.1593663990 0.0753749758 0.0913021788 -0.3872930110 -0.1831766516 0.9368400405 0.3359554300 0.0684621838 0.0000000000 0.0000000000 -0.2827837731
-0.7127622962 -0.0987663642 -0.0383524746 0.1371536255 -0.0110165784 -0.0605933035 0.2448773677 0.0654362781 -0.0314267017 -0.1101656525 -0.2372116357 0.9152334338 0.3955131414 0.0769227971 -0.4022728046 0.9077975532 0.1186599896 -0.0228987418 -0.1395455391 0.9899508524 0.7830606613 -0.1530779330 0.0142369853 -0.0021797218 0.0088264216 -0.0001435546 0.0642377958 0.0057543535 -0.0371159948 0.1574416459 0.0744646341 0.0901994780 -0.3826154768 -0.1809643358 0.9372823885 0.3345551089 0.0688400442 0.0000000000 0.0000000000 -0.2804489553
-0.7140499353 -0.0999225155 -0.0414414741 0.1374677569 -0.0100116963 -0.0607539952 0.2443044713 0.0642584815 -0.0326055195 -0.1175415694 -0.2345057027 0.9151949548 0.3954669847 0.0776148102 -0.4024104221 0.9072368222 0.1224222223 -0.0220010666 -0.1432732087 0.9894385988 0.7464260441 -0.1289955783 0.0095665784 -0.0022962696 0.0092569254 -0.0001939107 0.0656967834 0.0060777906 -0.0366677269 0.1555401385 0.0735652894 0.0891100988 -0.3779944479 -0.1787787378 0.9377298731 0.3331837204 0.0690971206 0.0000000000 0.0000000000 -0.2779164505
-0.7148730755 -0.1005308107 -0.0440979227 0.1378347576 -0.0090431487 -0.0609204212 0.2436942349 0.0630933393 -0.0337312069 -0.1250711115 -0.2320779144 0.9151684003 0.3954149479 0.0781909074 -0.4025204604 0.9066979752 0.1260002408 -0.0210731587 -0.1467848789 0.9889439424 0.7088944760 -0.1069326352 0.0053585324 -0.0024158845 0.0096940156 -0.0002455976 0.0671206936 0.0064083552 -0.0362248719 0.1536616087 0.0726768076 0.0880338699 -0.3734292090 -0.1766195446 0.9381811308 0.3318411335 0.0692452803 0.0000000000 0.0000000000 -0.2752292116
-0.7153116465 -0.1006716862 -0.0463595130 0.1382503510 -0.0081213713 -0.0610923186 0.2430458899 0.0619397321 -0.0348047023 -0.1327542640 -0.2298401511 0.9151524781 0.3953585973 0.0786608000 -0.4026051538 0.9061827545 0.1293905157 -0.0201254076 -0.1500812945 0.9884688022 0.6707305892 -0.0867138449 0.0015899781 -0.0025385672 0.0101373885 -0.0002986091 0.0685110912 0.0067458744 -0.0357873663 0.1518057585 0.0717990547 0.0869706422 -0.3689191341 -0.1744864136 0.9386349256 0.3305269847 0.0692953871 0.0000000000 0.0000000000 -0.2724256326
-0.7154346704 -0.1004134864 -0.0482646003 0.1387106925 -0.0072541158 -0.0612694292 0.2423586714 0.0607969351 -0.0358269233 -0.1405897991 -0.2277192295 0.9151459763 0.3952993468 0.0790333372 -0.4026667013 0.9056926790 0.1325907195 -0.0191668900 -0.1531639566 0.9880148950 0.6321639754 -0.0681666032 -0.0017654026 -0.0026643171 0.0105867358 -0.0003529435 0.0698695704 0.0070901811 -0.0353551470 0.1499723196 0.0709318966 0.0859202519 -0.3644635081 -0.1723790616 0.9390901541 0.3292407296 0.0692573067 0.0000000000 0.0000000000 -0.2695397265
-0.7153003216 -0.0998152718 -0.0498493761 0.1392123401 -0.0064464509 -0.0614514995 0.2416318243 0.0596645501 -0.0367987847 -0.1485753452 -0.2256547778 0.9151477715 0.3952384645 0.0793165338 -0.4027072353 0.9052290541 0.1355995660 -0.0182054666 -0.1560349827 0.9875837408 0.5933934533 -0.0511269559 -0.0047362606 -0.0027931330 0.0110417483 -0.0004086009 0.0711977705 0.0074411202 -0.0349281430 0.1481610388 0.0700752214 0.0848825499 -0.3600617051 -0.1702971458 0.9395458446 0.3279816851 0.0691399465 0.0000000000 0.0000000000 -0.2666013995
-0.7149592638 -0.0989280269 -0.0511480272 0.1397516727 -0.0057014800 -0.0616382804 0.2408646082 0.0585424476 -0.0377212177 -0.1567074885 -0.2235972653 0.9151568313 0.3951770773 0.0795176188 -0.4027287976 0.9047929828 0.1384166676 -0.0172478893 -0.1586969939 0.9871766683 0.5545907974 -0.0354420326 -0.0073525776 -0.0029250127 0.0115021151 -0.0004655822 0.0724973157 0.0077985413 -0.0345062986 0.1463716179 0.0692288876 0.0838573799 -0.3557130396 -0.1682403833 0.9400011516 0.3267490622 0.0689513153 0.0000000000 0.0000000000 -0.2636367610
-0.7144544125 -0.0977958217 -0.0521923974 0.1403253824 -0.0050205165 -0.0618295276 0.2400563029 0.0574307170 -0.0385951814 -0.1649818455 -0.2215065189 0.9151722157 0.3951161773 0.0796430913 -0.4027333218 0.9043853769 0.1410424103 -0.0162999091 -0.1611530219 0.9867948199 0.5159039776 -0.0209714753 -0.0096449025 -0.0030599530 0.0119675221 -0.0005238877 0.0737698004 0.0081623048 -0.0340895504 0.1446038187 0.0683927760 0.0828445926 -0.3514169157 -0.1662084609 0.9404553476 0.3255419942 0.0686985901 0.0000000000 0.0000000000 -0.2606684512
-0.7138229609 -0.0964559913 -0.0530112386 0.1409305334 -0.0044034435 -0.0620250018 0.2392062129 0.0563296242 -0.0394216734 -0.1733931589 -0.2193503298 0.9151930755 0.3950566270 0.0796987830 -0.4027226203 0.9040069687 0.1434778441 -0.0153663821 -0.1634064321 0.9864391579 0.4774600289 -0.0075881047 -0.0116437078 -0.0031979503 0.0124376528 -0.0005835162 0.0750167817 0.0085322764 -0.0336778313 0.1428573579 0.0675667599 0.0818440393 -0.3471726775 -0.1642010808 0.9409078138 0.3243595580 0.0683881885 0.0000000000 0.0000000000 -0.2577159721
-0.7130968571 -0.0949423313 -0.0536307916 0.1415643692 -0.0038491297 -0.0622244688 0.2383136711 0.0552395751 -0.0402017370 -0.1819353787 -0.2171033460 0.9152186489 0.3949991659 0.0796899212 -0.4026983766 0.9036583218 0.1457245861 -0.0144513704 -0.1654608607 0.9861104712 0.4393678945 0.0048222376 -0.0133788734 -0.0033389991 0.0129121905 -0.0006444644 0.0762397647 0.0089083295 -0.0332710892 0.1411320120 0.0667507201 0.0808555633 -0.3429796994 -0.1622179449 0.9413580303 0.3232007917 0.0680258417 0.0000000000 0.0000000000 -0.2547960298
-0.7123032808 -0.0932825357 -0.0540743135 0.1422242969 -0.0033556693 -0.0624276996 0.2373780431 0.0541610843 -0.0409364651 -0.1906017447 -0.2147461099 0.9152482584 0.3949444160 0.0796211893 -0.4026621409 0.9033398429 0.1477847369 -0.0135582360 -0.1673201616 0.9858093821 0.4017202975 0.0163616378 -0.0148793271 -0.0034830938 0.0133908130 -0.0007067258 0.0774401501 0.0092903497 -0.0328692570 0.1394274831 0.0659445375 0.0798790306 -0.3388373554 -0.1602587551 0.9418055653 0.3220647081 0.0676166633 0.0000000000 0.0000000000 -0.2519228097
-0.7114648819 -0.0915016085 -0.0543632768 0.1429079175 -0.0029205596 -0.0626344709 0.2363987299 0.0530947484 -0.0416270035 -0.1993848759 -0.2122641838 0.9152813054 0.3948928885 0.0794967839 -0.4026153287 0.9030517927 0.1496608058 -0.0126897253 -0.1689883615 0.9855363537 0.3645961542 0.0271206543 -0.0161727868 -0.0036302279 0.0138731981 -0.0007702905 0.0786193162 0.0096782241 -0.0324722789 0.1377435476 0.0651480928 0.0789142922 -0.3347450495 -0.1583232284 0.9422500657 0.3209503059 0.0671652148 0.0000000000 0.0000000000 -0.2491082888
-0.7106023431 -0.0896207392 -0.0545160361 0.1436131895 -0.0025405234 -0.0628445656 0.2353751713 0.0520412232 -0.0422745520 -0.2082768679 -0.2096473290 0.9153172659 0.3948449897 0.0793204697 -0.4025592212 0.9027942963 0.1513556472 -0.0118480486 -0.1704696237 0.9852916985 0.3280620691 0.0371789689 -0.0172855740 -0.0037803939 0.0143590234 -0.0008351452 0.0797785148 0.0100718476 -0.0320800953 0.1360799521 0.0643612668 0.0779612064 -0.3307021856 -0.1564110816 0.9426912479 0.3198565780 0.0666755666 0.0000000000 0.0000000000 -0.2463624778
-0.7097314596 -0.0876584500 -0.0545492396 0.1443380713 -0.0022122823 -0.0630577722 0.2343068480 0.0510012041 -0.0428803607 -0.2172693399 -0.2068890633 0.9153556849 0.3948010280 0.0790956287 -0.4024949690 0.9025673537 0.1528724042 -0.0110349500 -0.1717682169 0.9850755857 0.2921740397 0.0466067738 -0.0182423796 -0.0039335834 0.0148479640 -0.0009012724 0.0809189528 0.0104711223 -0.0316926464 0.1344364434 0.0635839477 0.0770196319 -0.3267081082 -0.1545220315 0.9431288887 0.3187825180 0.0661513550 0.0000000000 0.0000000000 -0.2436936639
-0.7088669538 -0.0856311172 -0.0544780158 0.1450805813 -0.0019323801 -0.0632738860 0.2331932835 0.0499754099 -0.0434457305 -0.2263535478 -0.2039858925 0.9153961714 0.3947612199 0.0788253053 -0.4024235961 0.9023708494 0.1542144593 -0.0102517696 -0.1728884885 0.9848880504 0.2569787775 0.0554655463 -0.0190662503 -0.0040897881 0.0153396931 -0.0009686506 0.0820417330 0.0108759562 -0.0313098803 0.1328127831 0.0628160089 0.0760894269 -0.3227623105 -0.1526557803 0.9435628178 0.3177271256 0.0655958320 0.0000000000 0.0000000000 -0.2411086189
-0.7080202103 -0.0835518390 -0.0543144718 0.1458393633 -0.0016971810 -0.0634927088 0.2320340464 0.0489645687 -0.0439720071 -0.2355204305 -0.2009369855 0.9154383930 0.3947256967 0.0785122475 -0.4023460054 0.9022045621 0.1553853922 -0.0094995007 -0.1738348429 0.9847290017 0.2225147333 0.0638086641 -0.0197785758 -0.0042489972 0.0158338826 -0.0010372538 0.0831478909 0.0112862624 -0.0309317335 0.1312087476 0.0620573498 0.0751704574 -0.3188641369 -0.1508120894 0.9439929103 0.3166894100 0.0650119119 0.0000000000 0.0000000000 -0.2386127771
-0.7072005868 -0.0814334527 -0.0540707335 0.1466128528 -0.0015032280 -0.0637140493 0.2308287510 0.0479694059 -0.0444605780 -0.2447606945 -0.1977436626 0.9154820713 0.3946945107 0.0781589436 -0.4022629851 0.9020681734 0.1563889424 -0.0087788384 -0.1746117229 0.9845982319 0.1888136016 0.0716828973 -0.0203990558 -0.0044112019 0.0163302086 -0.0011070520 0.0842383802 0.0117019564 -0.0305581558 0.1296240687 0.0613078550 0.0742625818 -0.3150130510 -0.1489906460 0.9444190806 0.3156683934 0.0644022125 0.0000000000 0.0000000000 -0.2362104285
-0.7064163089 -0.0792857334 -0.0537565351 0.1473995894 -0.0013465873 -0.0639377233 0.2295770588 0.0469906352 -0.0449128679 -0.2540648857 -0.1944089908 0.9155269765 0.3946676414 0.0777676545 -0.4021752150 0.9019612768 0.1572289780 -0.0080902230 -0.1752235940 0.9844954243 0.1559007058 0.0791286403 -0.0209457740 -0.0045763897 0.0168283358 -0.0011780113 0.0853140876 0.0121229645 -0.0301890895 0.1280585378 0.0605674088 0.0733656809 -0.3112084866 -0.1471912116 0.9448412768 0.3146631129 0.0637690909 0.0000000000 0.0000000000 -0.2339048334
-0.7056733370 -0.0771182030 -0.0533803068 0.1481983513 -0.0012241596 -0.0641635537 0.2282786787 0.0460289501 -0.0453303320 -0.2634234337 -0.1909375546 0.9155729235 0.3946450018 0.0773404437 -0.4020832739 0.9018833855 0.1579094672 -0.0074338792 -0.1756749313 0.9844201623 0.1237961716 0.0861807431 -0.0214350925 -0.0047445502 0.0173279382 -0.0012500933 0.0863758177 0.0125492103 -0.0298244823 0.1265119016 0.0598359033 0.0724796057 -0.3074498773 -0.1454135180 0.9452594751 0.3136726223 0.0631146776 0.0000000000 0.0000000000 -0.2316983754
-0.7049766779 -0.0749376118 -0.0529503301 0.1490079463 -0.0011324878 -0.0643913707 0.2269333678 0.0450850176 -0.0457144514 -0.2728267222 -0.1873350970 0.9156197670 0.3946264442 0.0768792024 -0.4019876468 0.9018339400 0.1584344547 -0.0068098486 -0.1759702081 0.9843719377 0.0925154467 0.0928697303 -0.0218818983 -0.0049156710 0.0178286899 -0.0013232561 0.0874243230 0.0129806269 -0.0294642765 0.1249839589 0.0591132380 0.0716042295 -0.3037366569 -0.1436572820 0.9456736761 0.3126959937 0.0624409040 0.0000000000 0.0000000000 -0.2295926599
-0.7043298483 -0.0727515221 -0.0524729453 0.1498273611 -0.0010684725 -0.0646210122 0.2255409313 0.0441594731 -0.0460667272 -0.2822651345 -0.1836083079 0.9156673978 0.3946117657 0.0763856731 -0.4018887320 0.9018123159 0.1588080412 -0.0062180192 -0.1761138872 0.9843501587 0.0620701609 0.0992212004 -0.0222995779 -0.0050897384 0.0183302574 -0.0013974534 0.0884602740 0.0134171471 -0.0291084219 0.1234744638 0.0583992973 0.0707394332 -0.3000682592 -0.1419222653 0.9460839003 0.3117323179 0.0617495284 0.0000000000 0.0000000000 -0.2275886359
-0.7037357092 -0.0705653131 -0.0519538075 0.1506556571 -0.0010290738 -0.0648523235 0.2241012222 0.0432529164 -0.0463886748 -0.2917291061 -0.1797645819 0.9157157386 0.3946007139 0.0758614707 -0.4017868483 0.9018178302 0.1590343664 -0.0056581524 -0.1761104135 0.9843541576 0.0324683314 0.1052574967 -0.0227001198 -0.0052667400 0.0188323110 -0.0014726358 0.0894843042 0.0138587095 -0.0287568644 0.1219832003 0.0576939806 0.0698850751 -0.2964442074 -0.1402081996 0.9464901851 0.3107807053 0.0610421602 0.0000000000 0.0000000000 -0.2256866556
-0.7031962276 -0.0683842525 -0.0513981991 0.1514918953 -0.0010114309 -0.0650851575 0.2226141413 0.0423659085 -0.0466818188 -0.3012091596 -0.1758118771 0.9157647411 0.3945929919 0.0753080988 -0.4016822415 0.9018497483 0.1591175926 -0.0051299030 -0.1759642069 0.9843831987 0.0037150676 0.1109979674 -0.0230941763 -0.0054466613 0.0193345286 -0.0015487501 0.0904969648 0.0143052526 -0.0284095537 0.1205099523 0.0569971800 0.0690410361 -0.2928638756 -0.1385148317 0.9468925819 0.3098402868 0.0603202772 0.0000000000 0.0000000000 -0.2238865670
-0.7027120590 -0.0662121400 -0.0508105755 0.1523351371 -0.0010130402 -0.0653193748 0.2210796362 0.0414989693 -0.0469476871 -0.3106959405 -0.1717585684 0.9158143821 0.3945882642 0.0747269648 -0.4015750917 0.9019072902 0.1590618926 -0.0046328383 -0.1756796567 0.9844364860 -0.0241871802 0.1164591806 -0.0234911380 -0.0056294887 0.0198365748 -0.0016257403 0.0914987847 0.0147567224 -0.0280664377 0.1190544963 0.0563087985 0.0682071969 -0.2893268168 -0.1368419230 0.9472911534 0.3089102142 0.0595852428 0.0000000000 0.0000000000 -0.2221877713
-0.7022839785 -0.0640535578 -0.0501945727 0.1531845182 -0.0010314580 -0.0655548436 0.2194977009 0.0406525762 -0.0471878064 -0.3201802651 -0.1676132331 0.9158646611 0.3945861604 0.0741193944 -0.4014655194 0.9019896357 0.1588714380 -0.0041664548 -0.1752611169 0.9845131698 -0.0512380868 0.1216551388 -0.0238992706 -0.0058152075 0.0203381274 -0.0017035468 0.0924902111 0.0152130621 -0.0277274642 0.1176166087 0.0556287281 0.0673834234 -0.2858324945 -0.1351892054 0.9476859713 0.3079896604 0.0588383217 0.0000000000 0.0000000000 -0.2205892938
-0.7019116282 -0.0619114190 -0.0495539606 0.1540396661 -0.0010643598 -0.0657914397 0.2178683748 0.0398271631 -0.0474036976 -0.3296531342 -0.1633846254 0.9159155967 0.3945862809 0.0734866423 -0.4013535914 0.9020959309 0.1585503902 -0.0037301922 -0.1747129030 0.9846123538 -0.0774394458 0.1265982678 -0.0243257725 -0.0060038022 0.0208388604 -0.0017821082 0.0934716985 0.0156742204 -0.0273925867 0.1161960959 0.0549568720 0.0665696040 -0.2823803425 -0.1335564703 0.9480771151 0.3070778200 0.0580806924 0.0000000000 0.0000000000 -0.2190898129
-0.7015945911 -0.0597885214 -0.0488912612 0.1548996717 -0.0011097784 -0.0660290465 0.2161917417 0.0390231201 -0.0475968714 -0.3391057678 -0.1590815225 0.9159672251 0.3945882004 0.0728299023 -0.4012393267 0.9022252926 0.1581028908 -0.0033234448 -0.1740392871 0.9847331015 -0.1027947331 0.1312990285 -0.0247768257 -0.0061952583 0.0213384498 -0.0018613592 0.0944435969 0.0161401480 -0.0270617530 0.1147927418 0.0542931296 0.0657656044 -0.2789698839 -0.1319434345 0.9484646695 0.3061739097 0.0573134577 0.0000000000 0.0000000000 -0.2176877198
-0.7013319731 -0.0576873571 -0.0482090898 0.1557636261 -0.0011656875 -0.0662675549 0.2144679283 0.0382407932 -0.0477688240 -0.3485296212 -0.1547126794 0.9160195968 0.3945914725 0.0721503161 -0.4011227018 0.9023768140 0.1575330556 -0.0029455719 -0.1732444958 0.9848744429 -0.1273088187 0.1357666485 -0.0252577245 -0.0063895583 0.0218365733 -0.0019412336 0.0954062790 0.0166107956 -0.0267349146 0.1134063303 0.0536374040 0.0649713203 -0.2756006420 -0.1303498894 0.9488487237 0.3052771687 0.0565376549 0.0000000000 0.0000000000 -0.2163811582
-0.7011228800 -0.0556099750 -0.0475099832 0.1566313952 -0.0012305373 -0.0665068632 0.2126971036 0.0374804853 -0.0479210341 -0.3579164029 -0.1502867613 0.9160727750 0.3945956338 0.0714489797 -0.4010036561 0.9025495685 0.1568449686 -0.0025959060 -0.1723327077 0.9850353796 -0.1509878495 0.1400091664 -0.0257728931 -0.0065866881 0.0223329067 -0.0020216615 0.0963600501 0.0170861166 -0.0264120232 0.1120366678 0.0529895984 0.0641866326 -0.2722720504 -0.1287755817 0.9492293703 0.3043868587 0.0557542631 0.0000000000 0.0000000000 -0.2151680558
-0.7009654045 -0.0535585545 -0.0467952155 0.1575019509 -0.0013025992 -0.0667468772 0.2108794771 0.0367424560 -0.0480549591 -0.3672580825 -0.1458123294 0.9161268334 0.3946002071 0.0707269509 -0.4008820962 0.9027426145 0.1560426766 -0.0022737601 -0.1713080515 0.9852148910 -0.1738390791 0.1440334059 -0.0263260356 -0.0067866305 0.0228271373 -0.0021025727 0.0973051861 0.0175660700 -0.0260930322 0.1106835455 0.0523496158 0.0634114146 -0.2689836919 -0.1272203028 0.9496067038 0.3035022646 0.0549642112 0.0000000000 0.0000000000 -0.2140461565
-0.7008581758 -0.0515349582 -0.0460670628 0.1583748907 -0.0013805619 -0.0669875097 0.2090152977 0.0360269227 -0.0481720327 -0.3765469201 -0.1412976983 0.9161818548 0.3946047050 0.0699852534 -0.4007579003 0.9029549995 0.1551301849 -0.0019784336 -0.1701746037 0.9854119393 -0.1958707333 0.1478459183 -0.0269201238 -0.0069893701 0.0233189445 -0.0021838942 0.0982419476 0.0180506036 -0.0257778931 0.1093467623 0.0517173633 0.0626455694 -0.2657350600 -0.1256837994 0.9499808198 0.3026226944 0.0541683828 0.0000000000 0.0000000000 -0.2130130425
-0.7007995844 -0.0495399944 -0.0453264751 0.1592496634 -0.0014630546 -0.0672286806 0.2071048521 0.0353340621 -0.0482736621 -0.3857754621 -0.1367509777 0.9162379289 0.3946086334 0.0692248801 -0.4006309226 0.9031857637 0.1541114532 -0.0017092163 -0.1689363863 0.9856254745 -0.2170920050 0.1514523923 -0.0275575193 -0.0071948888 0.0238080174 -0.0022655521 0.0991705507 0.0185396839 -0.0254665613 0.1080261245 0.0510927476 0.0618889630 -0.2625256479 -0.1241658553 0.9503518150 0.3017474802 0.0533676199 0.0000000000 0.0000000000 -0.2120661575
-0.7007872462 -0.0475755557 -0.0445755608 0.1601255983 -0.0015490042 -0.0674703170 0.2051484634 0.0346640108 -0.0483612257 -0.3949365456 -0.1321800597 0.9162951513 0.3946114945 0.0684467974 -0.4005009967 0.9034339441 0.1529903927 -0.0014653926 -0.1675973656 0.9858544394 -0.2375126012 0.1548581196 -0.0282399929 -0.0074031707 0.0242940374 -0.0023474710 0.1000912338 0.0190332644 -0.0251589883 0.1067214385 0.0504756756 0.0611415021 -0.2593549788 -0.1226662397 0.9507197857 0.3008759780 0.0525627283 0.0000000000 0.0000000000 -0.2112028448
-0.7008198500 -0.0456427559 -0.0438147373 0.1610023528 -0.0016372189 -0.0677123525 0.2031464894 0.0340168670 -0.0484360714 -0.4040233205 -0.1275924992 0.9163536219 0.3946127894 0.0676519483 -0.4003679389 0.9036985773 0.1517708631 -0.0012462457 -0.1661614512 0.9860977736 -0.2571430814 0.1580676076 -0.0289688176 -0.0076141981 0.0247767046 -0.0024295745 0.1010041386 0.0195313059 -0.0248551313 0.1054325104 0.0498660542 0.0604030639 -0.2562226355 -0.1211847365 0.9510848276 0.3000075679 0.0517544808 0.0000000000 0.0000000000 -0.2104203469
-0.7008950710 -0.0437420458 -0.0430456959 0.1618793607 -0.0017269236 -0.0679547274 0.2010993216 0.0333926919 -0.0484995148 -0.4130292277 -0.1229956412 0.9164134438 0.3946120204 0.0668412549 -0.4002315521 0.9039787028 0.1504566701 -0.0010510604 -0.1646324944 0.9863544176 -0.2759945362 0.1610855683 -0.0297447597 -0.0078279553 0.0252557080 -0.0025117854 0.1019094661 0.0200337693 -0.0245549437 0.1041591540 0.0492637977 0.0596735477 -0.2531280816 -0.1197211295 0.9514470356 0.2991416545 0.0509436204 0.0000000000 0.0000000000 -0.2097158314
-0.7010107040 -0.0418749526 -0.0422685742 0.1627559811 -0.0018172244 -0.0681973888 0.1990073832 0.0327915106 -0.0485528377 -0.4219480174 -0.1183965141 0.9164747222 0.3946086941 0.0660156201 -0.4000916279 0.9042733662 0.1490515633 -0.0008791242 -0.1630142870 0.9866233169 -0.2940784502 0.1639159150 -0.0305682040 -0.0080444235 0.0257307440 -0.0025940260 0.1028073281 0.0205406174 -0.0242583808 0.1029011682 0.0486688130 0.0589528382 -0.2500709295 -0.1182751954 0.9518065031 0.2982776668 0.0501308620 0.0000000000 0.0000000000 -0.2090864168
-0.7011653185 -0.0400420204 -0.0414848663 0.1636319607 -0.0019072867 -0.0684402896 0.1968711277 0.0322133144 -0.0485972874 -0.4307737503 -0.1138018098 0.9165375634 0.3946023229 0.0651759288 -0.3999479497 0.9045816214 0.1475592350 -0.0007297305 -0.1613105608 0.9869034251 -0.3114068135 0.1665630655 -0.0314391534 -0.0082635880 0.0262015164 -0.0026762178 0.1036978960 0.0210518073 -0.0239653997 0.1016583815 0.0480810180 0.0582408346 -0.2470507026 -0.1168467253 0.9521633216 0.2974150588 0.0493168949 0.0000000000 0.0000000000 -0.2085291713
-0.7013562322 -0.0382438414 -0.0406953394 0.1645066887 -0.0019966934 -0.0686833892 0.1946910374 0.0316580616 -0.0486340751 -0.4395007769 -0.1092179993 0.9166020738 0.3945924275 0.0643230480 -0.3998002948 0.9049025335 0.1459833177 -0.0006021774 -0.1595249853 0.9871937077 -0.3279920290 0.1690309626 -0.0323572428 -0.0084854299 0.0266677234 -0.0027582822 0.1045812741 0.0215673055 -0.0236759577 0.1004306003 0.0475003198 0.0575374328 -0.2440669537 -0.1154355109 0.9525175809 0.2965533092 0.0485023825 0.0000000000 0.0000000000 -0.2080411351
