# Actions and States
# action[0], ..., state[0], ..., command[0], ...
-0.8798422217 0.0587530397 -0.1039849818 0.1364257187 0.1229286045 0.0993243011 0.1666872983 -0.0793895899 0.0000000000 0.0000000000 0.0000000000 0.6293644535 0.7771102783 0.0000000000 -0.7771102783 0.6293644535 0.0000000000 0.0000000000 0.0000000000 1.0000000000 0.0000000000 0.0000000000 0.0000000000 -0.0000000446 0.0000000001 -0.0000000040 -0.0000044773 -0.0000000112 0.0993955582 0.1666871011 -0.0793832466 0.0142333200 -0.0000559212 0.0012686857 0.6293505949 0.7771215019 0.0000000000 0.0000000000 0.0000000000 0.0035585629
-0.8665187359 0.0596716255 -0.0810906291 0.1306650639 0.1116529852 0.0993242999 0.1666872977 -0.0794379047 -0.0000007889 -0.0000003839 -0.0193259248 0.6292983889 0.7771637615 0.0001596252 -0.7771637618 0.6292984044 -0.0000746199 -0.0001584438 -0.0000770968 0.9999999845 -0.0298447096 -0.0638372221 0.0339980364 -0.0000002673 0.0000000007 -0.0000001446 0.0000671547 0.0000001455 0.0994844213 0.1666866690 -0.0793753117 0.0213073548 -0.0001256075 0.0019030094 0.6293333032 0.7771354725 0.0001596286 0.0000000000 0.0000000000 0.0053323844
-0.8484349251 0.0567393154 -0.0551292486 0.1242287755 0.0975688621 0.0993242747 0.1666872852 -0.0796053259 -0.0000096197 -0.0000048418 -0.0428110750 0.6290695081 0.7773487214 0.0007206364 -0.7773487481 0.6290698134 -0.0003060427 -0.0006912325 -0.0003676636 0.9999996935 -0.0552104737 -0.1446341649 0.0751684863 -0.0000008458 0.0000000027 -0.0000008563 0.0003390008 0.0000011609 0.0996085852 0.1666858047 -0.0793642104 0.0283521842 -0.0002229196 0.0025373097 0.6293087026 0.7771547581 0.0007207304 0.0000000000 0.0000000000 0.0071296518
-0.8291740417 0.0463145934 -0.0320119523 0.1187139526 0.0841161236 0.0993241535 0.1666872205 -0.0798856838 -0.0000371754 -0.0000203895 -0.0646686820 0.6286855084 0.7776577949 0.0016987165 -0.7776581201 0.6286871047 -0.0006104471 -0.0015426801 -0.0009372414 0.9999983709 -0.0618368717 -0.2304788690 0.1136526042 -0.0000019572 0.0000000078 -0.0000027350 0.0008000699 0.0000040084 0.0997678936 0.1666843891 -0.0793499425 0.0353672169 -0.0003477141 0.0031715790 0.6292756163 0.7771785022 0.0016991776 0.0000000000 0.0000000000 0.0089501656
-0.8107565641 0.0362807810 -0.0142332539 0.1144390777 0.0720527768 0.0993238032 0.1666870145 -0.0802665017 -0.0000971659 -0.0000589952 -0.0833598987 0.6281602789 0.7780779481 0.0030611626 -0.7780794946 0.6281651480 -0.0009202717 -0.0026389588 -0.0018037497 0.9999948912 -0.0609162827 -0.2973048520 0.1473852527 -0.0000037785 0.0000000179 -0.0000063300 0.0014310511 0.0000095855 0.0999622047 0.1666822881 -0.0793325007 0.0423518680 -0.0004998477 0.0038058099 0.6292323829 0.7772051540 0.0030624175 0.0000000000 0.0000000000 0.0107794173
-0.7940992117 0.0285639819 -0.0015383351 0.1112814322 0.0614436753 0.0993230201 0.1666865107 -0.0807305768 -0.0002031233 -0.0001342941 -0.0986719816 0.6275123124 0.7785925143 0.0046898274 -0.7785969203 0.6275231914 -0.0012165630 -0.0038901823 -0.0028880769 0.9999882627 -0.0566843677 -0.3421694319 0.1763386274 -0.0000064865 0.0000000350 -0.0000121163 0.0022069891 0.0000186789 0.1001913622 0.1666793525 -0.0793118849 0.0493055619 -0.0006791771 0.0044399942 0.6291776525 0.7772331981 0.0046923801 0.0000000000 0.0000000000 0.0125986248
-0.7794010043 0.0225005019 0.0073311953 0.1089804247 0.0521388985 0.0993215397 0.1666854875 -0.0812618073 -0.0003662583 -0.0002588299 -0.1108917732 0.6267582869 0.7791867089 0.0064901765 -0.7791962109 0.6267783137 -0.0014867336 -0.0052263449 -0.0041252983 0.9999778334 -0.0502090065 -0.3703764924 0.2010641076 -0.0000102588 0.0000000609 -0.0000204859 0.0031057298 0.0000319572 0.1004552096 0.1666754484 -0.0792880952 0.0562277213 -0.0008855590 0.0050741248 0.6291106464 0.7772614971 0.0064945287 0.0000000000 0.0000000000 0.0143900609
-0.7666736841 0.0175370183 0.0134161413 0.1073183045 0.0439920016 0.0993190496 0.1666836656 -0.0818457649 -0.0005950424 -0.0004433553 -0.1203684424 0.6259130848 0.7798476594 0.0083927629 -0.7798649204 0.6259454760 -0.0017224779 -0.0065966824 -0.0054670999 0.9999632966 -0.0422809358 -0.3863506127 0.2220734495 -0.0000152733 0.0000000968 -0.0000317540 0.0041078636 0.0000499849 0.1007535905 0.1666704416 -0.0792611390 0.0631177798 -0.0011188502 0.0057081929 0.6290311284 0.7772893518 0.0083993454 0.0000000000 0.0000000000 0.0161417590
-0.7558332682 0.0133352270 0.0174699239 0.1061330587 0.0368700325 0.0993152035 0.1666807182 -0.0824698075 -0.0008951213 -0.0006965134 -0.1274601306 0.6249899621 0.7805642186 0.0103463936 -0.7805921549 0.6250377637 -0.0019187716 -0.0079646112 -0.0068771007 0.9999446337 -0.0335080137 -0.3932504244 0.2398233034 -0.0000217091 0.0000001430 -0.0000461686 0.0051964177 0.0000732353 0.1010863334 0.1666642129 -0.0792310163 0.0699751601 -0.0013789077 0.0063421917 0.6289392945 0.7773164597 0.0103555139 0.0000000000 0.0000000000 0.0178475418
-0.7467337847 0.0097004408 0.0200337637 0.1053038985 0.0306534078 0.0993096350 0.1666762820 -0.0831230553 -0.0012694900 -0.0010247641 -0.1325132003 0.6240007011 0.7813267687 0.0123128223 -0.7813683927 0.6240666128 -0.0020730597 -0.0093037584 -0.0083272595 0.9999220454 -0.0243487294 -0.3933297967 0.2547193896 -0.0000297458 0.0000001989 -0.0000639184 0.0063565644 0.0001021024 0.1014532819 0.1666566133 -0.0791977197 0.0767993107 -0.0016655884 0.0069761137 0.6288356555 0.7773428469 0.0123246313 0.0000000000 0.0000000000 0.0195059846
-0.7391936779 0.0065211994 0.0215032771 0.1047397554 0.0252360161 0.0993019695 0.1666699676 -0.0837962921 -0.0017188314 -0.0014324856 -0.1358497212 0.6229557475 0.7821270351 0.0142631576 -0.7821853224 0.6230420121 -0.0021846088 -0.0105951880 -0.0097955179 0.9998958895 -0.0151412959 -0.3882350872 0.2671213258 -0.0000395646 0.0000002624 -0.0000851422 0.0075753625 0.0001369103 0.1018542722 0.1666475087 -0.0791612566 0.0835896656 -0.0019787492 0.0076099504 0.6287209316 0.7773687967 0.0142776329 0.0000000000 0.0000000000 0.0211191531
-0.7330164909 0.0037325150 0.0221723337 0.1043706238 0.0205237065 0.0992918353 0.1666613693 -0.0844818194 -0.0022419350 -0.0019221887 -0.1377600283 0.6218643372 0.7829579179 0.0161754449 -0.7830356981 0.6219726803 -0.0022539924 -0.0118254660 -0.0112642733 0.9998666284 -0.0061278060 -0.3792002543 0.2773474920 -0.0000513472 0.0000003304 -0.0001099363 0.0088415239 0.0001779226 0.1022891253 0.1666367799 -0.0791216195 0.0903456733 -0.0023182472 0.0082436940 0.6285959681 0.7773947852 0.0161923872 0.0000000000 0.0000000000 0.0226914150
-0.7280067801 0.0012935617 0.0222618449 0.1041425616 0.0164331309 0.0992788711 0.1666500739 -0.0851732858 -0.0028361265 -0.0024947894 -0.1384992507 0.6207346114 0.7838133407 0.0180330006 -0.7839132125 0.6208662212 -0.0022826852 -0.0129852801 -0.0127193657 0.9998347865 0.0025258652 -0.3671720168 0.2856794827 -0.0000652767 0.0000003983 -0.0001383620 0.0101452172 0.0002253501 0.1027576700 0.1666242927 -0.0790788159 0.0970667899 -0.0026839396 0.0088773379 0.6284616678 0.7774214250 0.0180520406 0.0000000000 0.0000000000 0.0242284384
-0.7239813209 -0.0008255987 0.0219404642 0.1040134281 0.0128907571 0.0992627321 0.1666356676 -0.0858655086 -0.0034976666 -0.0031498975 -0.1382869127 0.6195737240 0.7846881164 0.0198232300 -0.7848123850 0.6197292594 -0.0022727470 -0.0140684333 -0.0141493821 0.9998009173 0.0107134796 -0.3528907515 0.2923661408 -0.0000815367 0.0000004600 -0.0001704516 0.0114778886 0.0002793575 0.1032597348 0.1666098982 -0.0790328458 0.1037524715 -0.0030756835 0.0095108729 0.6283189412 0.7774494164 0.0198438425 0.0000000000 0.0000000000 0.0257364129
-0.7207741737 -0.0026497927 0.0213364456 0.1039502844 0.0098311119 0.0992430949 0.1666177418 -0.0865543007 -0.0042220916 -0.0038860916 -0.1373087452 0.6183879387 0.7855778289 0.0215367597 -0.7857284642 0.6185675572 -0.0022265787 -0.0150710916 -0.0155451557 0.9997655777 0.0183748439 -0.3369425314 0.2976272507 -0.0001003120 0.0000005080 -0.0002062143 0.0128321089 0.0003400694 0.1037951335 0.1665934920 -0.0789837092 0.1104021743 -0.0034933360 0.0101442924 0.6281686703 0.7774795076 0.0215582813 0.0000000000 0.0000000000 0.0272214826
-0.7182413340 -0.0042030266 0.0205479544 0.1039279848 0.0071963617 0.0992196597 0.1665958973 -0.0872363096 -0.0050044915 -0.0047011652 -0.1357196444 0.6171827194 0.7864787291 0.0231667763 -0.7866573409 0.6173861186 -0.0021467378 -0.0159912097 -0.0168993852 0.9997293094 0.0254845126 -0.3197951359 0.3016566602 -0.0001217878 0.0000005336 -0.0002456400 0.0142014390 0.0004075758 0.1043636948 0.1665749252 -0.0789314061 0.1170153618 -0.0039367550 0.0107775880 0.6280116833 0.7775124617 0.0231884260 0.0000000000 0.0000000000 0.0286893675
-0.7162594795 -0.0055071153 0.0196496584 0.1039269641 0.0049352841 0.0991921518 0.1665697480 -0.0879088747 -0.0058397201 -0.0055923318 -0.1336474926 0.6159628134 0.7873876440 0.0247085119 -0.7875954723 0.6161892790 -0.0020358036 -0.0168280868 -0.0182063328 0.9996926252 0.0320425645 -0.3018224933 0.3046251774 -0.0001461497 0.0000005266 -0.0002887039 0.0155803105 0.0004819367 0.1049652249 0.1665540785 -0.0788759366 0.1235915050 -0.0044057975 0.0114107532 0.6278487391 0.7775490320 0.0247294107 0.0000000000 0.0000000000 0.0301451383
-0.7147244811 -0.0065853614 0.0186970346 0.1039322689 0.0030025749 0.0991603228 0.1665389228 -0.0885699040 -0.0067225531 -0.0065563950 -0.1311969665 0.6147323271 0.7883018974 0.0261588327 -0.7885398142 0.6149807847 -0.0018962793 -0.0175820200 -0.0194615769 0.9996560006 0.0380676252 -0.2833240635 0.3066831496 -0.0001735842 0.0000004758 -0.0003353691 0.0169639271 0.0005631861 0.1055995449 0.1665308177 -0.0788173005 0.1301300824 -0.0049003209 0.0120437779 0.6276805181 0.7775899419 0.0261780231 0.0000000000 0.0000000000 0.0315930969
-0.7135519981 -0.0074595693 0.0177318789 0.1039329320 0.0013577334 0.0991239504 0.1665030675 -0.0892177680 -0.0076477999 -0.0075898836 -0.1284530845 0.6134947957 0.7892192410 0.0275159093 -0.7894877617 0.6137638629 -0.0017305249 -0.0182540343 -0.0206618056 0.9996198678 0.0435906761 -0.2645384302 0.3079627734 -0.0002042774 0.0000003685 -0.0003855896 0.0183481686 0.0006513357 0.1062664613 0.1665050387 -0.0787554979 0.1366305649 -0.0054201828 0.0126766562 0.6275076191 0.7776358712 0.0275323728 0.0000000000 0.0000000000 0.0330367593
-0.7126713395 -0.0081510078 0.0167841204 0.1039207727 -0.0000348687 0.0990828377 0.1664618460 -0.0898512130 -0.0086103742 -0.0086891515 -0.1254847858 0.6122532467 0.7901377944 0.0287789466 -0.7904370960 0.6125412831 -0.0015407149 -0.0188456700 -0.0218046393 0.9995846129 0.0486508467 -0.2456545730 0.3085800249 -0.0002384160 0.0000001911 -0.0004393120 0.0197295099 0.0007463781 0.1069657877 0.1664765775 -0.0786905289 0.1430924386 -0.0059652408 0.0133093810 0.6273305596 0.7776874470 0.0287916186 0.0000000000 0.0000000000 0.0344788797
-0.7109216452 -0.0068475129 0.0163291488 0.1037588790 -0.0012068743 0.0990368130 0.1664149405 -0.0904692888 -0.0096053443 -0.0098504600 -0.1223476393 0.6110102576 0.7910559933 0.0299479643 -0.7913859370 0.6113154120 -0.0013288125 -0.0193588172 -0.0228884798 0.9995505759 0.0532919260 -0.2268211126 0.3086365378 -0.0002761864 -0.0000000710 -0.0004964776 0.0211049523 0.0008482896 0.1076973230 0.1664453447 -0.0786224008 0.1495151818 -0.0065353531 0.0139419436 0.6271497785 0.7777452376 0.0299557469 0.0000000000 0.0000000000 0.0359215173
-0.7092525959 -0.0054767663 0.0161242224 0.1035437360 -0.0021867717 0.0989857208 0.1663620427 -0.0910708881 -0.0106311117 -0.0110738243 -0.1189258482 0.6097679573 0.7919724818 0.0310262183 -0.7923327243 0.6100882347 -0.0010954144 -0.0197962688 -0.0239151394 0.9995179707 0.0580179290 -0.2091938024 0.3082210716 -0.0003177750 -0.0000004333 -0.0005570223 0.0224719923 0.0009570325 0.1084608734 0.1664111763 -0.0785511136 0.1558983177 -0.0071303770 0.0145743350 0.6269655690 0.7778096026 0.0310279604 0.0000000000 0.0000000000 0.0373510290
-0.7079023123 -0.0045138067 0.0160752255 0.1033082306 -0.0030059128 0.0989294156 0.1663028464 -0.0916544590 -0.0116844264 -0.0123574342 -0.1151994933 0.6085280524 0.7928860370 0.0320209576 -0.7932761927 0.6088613783 -0.0008390989 -0.0201616342 -0.0248908481 0.9994868454 0.0630230246 -0.1929626257 0.3074105298 -0.0003633678 -0.0000009124 -0.0006208756 0.0238285940 0.0010725583 0.1092562377 0.1663739979 -0.0784766600 0.1622413099 -0.0077501703 0.0152065502 0.6267780576 0.7778806085 0.0320154068 0.0000000000 0.0000000000 0.0387615399
-0.7068603039 -0.0038638145 0.0161025766 0.1030665264 -0.0036883783 0.0988677728 0.1662370596 -0.0922186088 -0.0127607713 -0.0136980734 -0.1112177873 0.6072919759 0.7937956501 0.0329381533 -0.7942153001 0.6076361949 -0.0005583019 -0.0204575918 -0.0258209330 0.9994572359 0.0682826457 -0.1777307809 0.3062698261 -0.0004131506 -0.0000015256 -0.0006879594 0.0251730792 0.0011948089 0.1100832149 0.1663336456 -0.0783990473 0.1685436815 -0.0083945915 0.0158385802 0.6265873650 0.7779583046 0.0329239477 0.0000000000 0.0000000000 0.0401540691
-0.7061069012 -0.0034302524 0.0161396265 0.1028297395 -0.0042527658 0.0988006914 0.1661644072 -0.0927622308 -0.0138554980 -0.0150924065 -0.1070370641 0.6060609518 0.7947005212 0.0337817151 -0.7951491824 0.6064138145 -0.0002517387 -0.0206857555 -0.0267089342 0.9994292033 0.0737430537 -0.1631408638 0.3048540685 -0.0004673087 -0.0000022909 -0.0007581895 0.0265040454 0.0013237181 0.1109416038 0.1662900001 -0.0783182755 0.1748049259 -0.0090634981 0.0164704155 0.6263936390 0.7780427909 0.0337573880 0.0000000000 0.0000000000 0.0415309172
-0.7056130171 -0.0031434493 0.0161455255 0.1026038006 -0.0047139772 0.0987280931 0.1660846306 -0.0932844903 -0.0149640092 -0.0165371647 -0.1027104077 0.6048360186 0.7956000254 0.0345541628 -0.7960771253 0.6051951783 0.0000816005 -0.0208470914 -0.0275571335 0.9994028233 0.0793525095 -0.1489668005 0.3032108144 -0.0005260267 -0.0000032274 -0.0008314769 0.0278203338 0.0014592144 0.1118311957 0.1662429720 -0.0782343447 0.1810245663 -0.0097567495 0.0171020515 0.6261970384 0.7781342041 0.0345181485 0.0000000000 0.0000000000 0.0428945748
-0.7053451538 -0.0029560390 0.0160992388 0.1023908332 -0.0050853649 0.0986499226 0.1659974872 -0.0937848043 -0.0160817929 -0.0180291634 -0.0982859496 0.6036180449 0.7964936825 0.0352571926 -0.7969985432 0.6039810645 0.0004424683 -0.0209422535 -0.0283670130 0.9993781740 0.0850631795 -0.1350793388 0.3013816188 -0.0005894889 -0.0000043544 -0.0009077288 0.0291209947 0.0016012198 0.1127517819 0.1661923975 -0.0781472549 0.1872021109 -0.0104742022 0.0177334789 0.6259977158 0.7782326990 0.0352078330 0.0000000000 0.0000000000 0.0442475850
-0.7052708864 -0.0028343943 0.0159924403 0.1021911353 -0.0053781350 0.0985661468 0.1659027501 -0.0942628129 -0.0172044540 -0.0195653236 -0.0938058865 0.6024077445 0.7973811322 0.0358920527 -0.7979129608 0.6027721093 0.0008313841 -0.0209717983 -0.0291395663 0.9993553269 0.0908319512 -0.1214113347 0.2994027805 -0.0006578782 -0.0000056920 -0.0009868504 0.0304052588 0.0017496528 0.1137031466 0.1661381871 -0.0780570060 0.1933370680 -0.0112157157 0.0183646902 0.6257958053 0.7783384347 0.0358276049 0.0000000000 0.0000000000 0.0455924565
-0.7053567171 -0.0027557020 0.0158238914 0.1020033211 -0.0056021819 0.0984767542 0.1658002074 -0.0947183490 -0.0183277321 -0.0211426802 -0.0893064779 0.6012056901 0.7982621140 0.0364597800 -0.7988199980 0.6015688254 0.0012486595 -0.0209363095 -0.0298755026 0.9993343411 0.0966210391 -0.1079346122 0.2973061095 -0.0007313771 -0.0000072608 -0.0010687453 0.0316725038 0.0019044285 0.1146850809 0.1660802066 -0.0779636055 0.1994289905 -0.0119811473 0.0189956781 0.6255914150 0.7784515647 0.0363784228 0.0000000000 0.0000000000 0.0469315902
-0.7055739164 -0.0027044946 0.0155968238 0.1018256396 -0.0057660299 0.0983817540 0.1656896617 -0.0951514091 -0.0194475215 -0.0227583997 -0.0848179303 0.6000123267 0.7991364507 0.0369613448 -0.7997193567 0.6003716177 0.0016944251 -0.0208364655 -0.0305753788 0.9993152595 0.1023977665 -0.0946444264 0.2951194849 -0.0008101666 -0.0000090818 -0.0011533167 0.0329222493 0.0020654583 0.1156973690 0.1660183370 -0.0778670534 0.2054774016 -0.0127703575 0.0196264330 0.6253846219 0.7785722303 0.0368611863 0.0000000000 0.0000000000 0.0482672417
-0.7058965564 -0.0026698124 0.0153171066 0.1016561240 -0.0058774869 0.0982811757 0.1655709294 -0.0955621240 -0.0205598754 -0.0244097785 -0.0803650535 0.5988279841 0.8000040343 0.0373977348 -0.8006108103 0.5991807969 0.0021686555 -0.0206730714 -0.0312396823 0.9992981069 0.1081341841 -0.0815490780 0.2928673693 -0.0008944270 -0.0000111763 -0.0012404684 0.0341541357 0.0022326531 0.1167397797 0.1659524590 -0.0777673423 0.2114818245 -0.0135832028 0.0202569515 0.6251754704 0.7787005561 0.0372768195 0.0000000000 0.0000000000 0.0496014985
-0.7063015103 -0.0026444434 0.0149913225 0.1014923975 -0.0059431689 0.0981750677 0.1654438399 -0.0959507338 -0.0216610076 -0.0260942427 -0.0759678423 0.5976528890 0.8008648147 0.0377699998 -0.8014941932 0.5979965912 0.0026711915 -0.0204470678 -0.0318688808 0.9992828888 0.1138067904 -0.0686634929 0.2905711275 -0.0009843366 -0.0000135658 -0.0013301047 0.0353679024 0.0024059210 0.1178121120 0.1658824533 -0.0776644796 0.2174418122 -0.0144195436 0.0208872203 0.6249639713 0.7788366470 0.0376263152 0.0000000000 0.0000000000 0.0509362607
-0.7067705393 -0.0026233881 0.0146263391 0.1013327390 -0.0059690364 0.0980634972 0.1653082352 -0.0963175658 -0.0227472947 -0.0278093480 -0.0716419876 0.5964871758 0.8017187900 0.0380792711 -0.8023693929 0.5968191569 0.0032017615 -0.0201595261 -0.0324634513 0.9992695922 0.1193959476 -0.0560051161 0.2882494441 -0.0010800730 -0.0000162723 -0.0014221316 0.0365633741 0.0025851694 0.1189141273 0.1658082306 -0.0775584728 0.2233569026 -0.0152792372 0.0215172358 0.6247501030 0.7789805879 0.0379107547 0.0000000000 0.0000000000 0.0522732396
-0.7072867155 -0.0026030631 0.0142292613 0.1011750177 -0.0059605725 0.0979465488 0.1651639691 -0.0966630145 -0.0238152678 -0.0295527688 -0.0673996895 0.5953308968 0.8025659987 0.0383267669 -0.8032363428 0.5956485877 0.0037599993 -0.0198116370 -0.0330238958 0.9992581855 0.1248854120 -0.0435915070 0.2859186144 -0.0011818118 -0.0000193178 -0.0015164569 0.0377404653 0.0027703051 0.1200456023 0.1657296270 -0.0774493143 0.2292266488 -0.0161621440 0.0221469887 0.6245338132 0.7791324423 0.0381313121 0.0000000000 0.0000000000 0.0536139588
-0.7078369856 -0.0025810541 0.0138062406 0.1010175571 -0.0059219501 0.0978243242 0.1650109067 -0.0969875262 -0.0248616118 -0.0313222974 -0.0632500274 0.5941840323 0.8034065122 0.0385137873 -0.8040950152 0.5944849228 0.0043454601 -0.0194046949 -0.0335507474 0.9992486203 0.1302620420 -0.0314388510 0.2835927390 -0.0012897274 -0.0000227243 -0.0016129902 0.0388991460 0.0029612347 0.1212063134 0.1656465679 -0.0773370042 0.2350506186 -0.0170681216 0.0227764733 0.6243150204 0.7792922535 0.0382892498 0.0000000000 0.0000000000 0.0549597528
-0.7084106207 -0.0025559459 0.0133625362 0.1008591503 -0.0058578774 0.0976969410 0.1648489239 -0.0972915848 -0.0258831575 -0.0331158346 -0.0591995711 0.5930464987 0.8042404298 0.0386417064 -0.8049454166 0.5933281539 0.0049576354 -0.0189400815 -0.0340445728 0.9992408320 0.1355152988 -0.0195614161 0.2812841653 -0.0014039923 -0.0000265142 -0.0017116440 0.0400394574 0.0031578648 0.1223960295 0.1655589044 -0.0772215500 0.2408283502 -0.0179970320 0.0234056786 0.6240936171 0.7794600447 0.0383859095 0.0000000000 0.0000000000 0.0563117784
-0.7089987993 -0.0025269708 0.0129033318 0.1006984785 -0.0057718111 0.0975645323 0.1646779065 -0.0975757007 -0.0268768744 -0.0349313809 -0.0552528610 0.5919181565 0.8050678730 0.0387119612 -0.8057875820 0.5921782315 0.0055959641 -0.0184192498 -0.0345059704 0.9992347418 0.1406367359 -0.0079712863 0.2790034215 -0.0015247772 -0.0000307096 -0.0018123327 0.0411614813 0.0033601020 0.1236145198 0.1654665619 -0.0771029443 0.2465594113 -0.0189487301 0.0240345988 0.6238694718 0.7796358202 0.0384227014 0.0000000000 0.0000000000 0.0576710290
-0.7095937729 -0.0024930635 0.0124330670 0.1005344987 -0.0056669703 0.0974272461 0.1644977503 -0.0978404019 -0.0278398653 -0.0367670308 -0.0514127706 0.5907988178 0.8058889816 0.0387260399 -0.8066215711 0.5910350713 0.0062598428 -0.0178437094 -0.0349355669 0.9992302578 0.1456197629 0.0033220722 0.2767595629 -0.0016522508 -0.0000353327 -0.0019149736 0.0422653481 0.0035678544 0.1248615459 0.1653693914 -0.0769812018 0.2522433698 -0.0199230798 0.0246632267 0.6236424318 0.7798195668 0.0384010919 0.0000000000 0.0000000000 0.0590383428
-0.7101901174 -0.0024536054 0.0119552128 0.1003663838 -0.0055464534 0.0972852444 0.1643083603 -0.0980862264 -0.0287693617 -0.0386209694 -0.0476807320 0.5896882532 0.8067039101 0.0386854701 -0.8074474642 0.5898985583 0.0069486348 -0.0172150122 -0.0353340131 0.9992272769 0.1504594867 0.0143112679 0.2745603430 -0.0017865803 -0.0000404056 -0.0020194866 0.0433512256 0.0037810300 0.1261368692 0.1652672887 -0.0768563151 0.2578798532 -0.0209199358 0.0252915546 0.6234123258 0.7800112548 0.0383225914 0.0000000000 0.0000000000 0.0604144080
-0.7107830644 -0.0024084700 0.0114730028 0.1001932472 -0.0054125851 0.0971387025 0.1641096503 -0.0983137158 -0.0296627159 -0.0404914628 -0.0440571136 0.5885861970 0.8075128240 0.0385918099 -0.8082653593 0.5887685519 0.0076616777 -0.0165347410 -0.0357019808 0.9992256857 0.1551523612 0.0249906091 0.2724122700 -0.0019279304 -0.0000459504 -0.0021257943 0.0444193147 0.0039995378 0.1274402589 0.1651601493 -0.0767282844 0.2634683549 -0.0219391622 0.0259195752 0.6231789666 0.7802108394 0.0381887453 0.0000000000 0.0000000000 0.0617997775
-0.7113692164 -0.0023573220 0.0109892236 0.1000148430 -0.0052679288 0.0969878089 0.1639015424 -0.0985234111 -0.0305173964 -0.0423768543 -0.0405414002 0.5874923536 0.8083158977 0.0384466389 -0.8090753687 0.5876448897 0.0083982900 -0.0158044995 -0.0360401597 0.9992253623 0.1596959602 0.0353562536 0.2703208575 -0.0020764642 -0.0000519888 -0.0022338221 0.0454698391 0.0042232880 0.1287714839 0.1650478542 -0.0765971169 0.2690085173 -0.0229806174 0.0265472773 0.6229421528 0.7804182618 0.0380011248 0.0000000000 0.0000000000 0.0631948811
-0.7119456530 -0.0023004373 0.0105059752 0.0998304635 -0.0051143318 0.0968327643 0.1636839670 -0.0987158486 -0.0313309822 -0.0442755583 -0.0371324169 0.5864064014 0.8091133118 0.0382515503 -0.8098776171 0.5865273911 0.0091577767 -0.0150259030 -0.0363492533 0.9992261776 0.1640888762 0.0454058609 0.2682906110 -0.0022323420 -0.0000585426 -0.0023434977 0.0465030484 0.0044521922 0.1301302761 0.1649302989 -0.0764628127 0.2744999230 -0.0240441598 0.0271746572 0.6227016717 0.7806334507 0.0377613185 0.0000000000 0.0000000000 0.0646000323
-0.7125101089 -0.0022370778 0.0100252246 0.0996398255 -0.0049537015 0.0966737810 0.1634568622 -0.0988915569 -0.0321011581 -0.0461860565 -0.0338284477 0.5853279980 0.8099052511 0.0380081439 -0.8106722386 0.5854158600 0.0099394333 -0.0142005711 -0.0366299757 0.9992279963 0.1683304184 0.0551385542 0.2663252341 -0.0023957223 -0.0000656332 -0.0024547519 0.0475192070 0.0046861637 0.1315163970 0.1648073792 -0.0763253719 0.2799421549 -0.0251296498 0.0278017074 0.6224573010 0.7808563232 0.0374709250 0.0000000000 0.0000000000 0.0660154447
-0.7130606174 -0.0021675120 0.0095488504 0.0994425714 -0.0047875275 0.0965110829 0.1632201732 -0.0990510549 -0.0328257111 -0.0481068948 -0.0306273492 0.5842567841 0.8106919027 0.0377180204 -0.8114593755 0.5843100885 0.0107425505 -0.0133301211 -0.0368830493 0.9992306783 0.1724206982 0.0645541283 0.2644276662 -0.0025667611 -0.0000732817 -0.0025675180 0.0485186055 0.0049251160 0.1329296082 0.1646789759 -0.0761847943 0.2853348255 -0.0262369495 0.0284284148 0.6222088112 0.7810867864 0.0371315474 0.0000000000 0.0000000000 0.0674412319
-0.7135963440 -0.0020917773 0.0090774782 0.0992388055 -0.0046173008 0.0963449043 0.1629738527 -0.0991948495 -0.0335025258 -0.0500366812 -0.0275266171 0.5831923866 0.8114734550 0.0373827777 -0.8122391760 0.5832098584 0.0115664177 -0.0124161636 -0.0371092033 0.9992340796 0.1763604643 0.0736535139 0.2626002094 -0.0027456121 -0.0000815090 -0.0026817317 0.0495015383 0.0051689646 0.1343696564 0.1645449698 -0.0760410875 0.2906775475 -0.0273659173 0.0290547796 0.6219559667 0.7813247377 0.0367447892 0.0000000000 0.0000000000 0.0688774196
-0.7141160965 -0.0020099850 0.0086131049 0.0990280360 -0.0044442718 0.0961754902 0.1627178599 -0.0993234346 -0.0341295801 -0.0519740786 -0.0245235624 0.5821344223 0.8122500956 0.0370040068 -0.8130117932 0.5821149439 0.0124103255 -0.0114602973 -0.0373091716 0.9992380534 0.1801507857 0.0824381251 0.2608445624 -0.0029324265 -0.0000903357 -0.0027973317 0.0504683070 0.0054176277 0.1358363032 0.1644052714 -0.0758942515 0.2959699035 -0.0285164118 0.0296807904 0.6216985284 0.7815700667 0.0363122497 0.0000000000 0.0000000000 0.0703239615
-0.7146196365 -0.0019220388 0.0081558209 0.0988105983 -0.0042695142 0.0960030952 0.1624521606 -0.0994372899 -0.0347049417 -0.0539178057 -0.0216153003 0.5810825007 0.8130220110 0.0365832883 -0.8137773835 0.5810251135 0.0132735684 -0.0104641060 -0.0374836910 0.9992424508 0.1837933102 0.0909104067 0.2591618962 -0.0031273530 -0.0000997820 -0.0029142583 0.0514192209 0.0056710234 0.1373292804 0.1642597765 -0.0757442787 0.3012115061 -0.0296882968 0.0303064361 0.6214362543 0.7818226557 0.0358355208 0.0000000000 0.0000000000 0.0717807353
-0.7151063085 -0.0018281470 0.0077065788 0.0985860974 -0.0040938626 0.0958279832 0.1621767268 -0.0995368806 -0.0352267646 -0.0558666310 -0.0187988759 0.5800362265 0.8137893852 0.0361221895 -0.8145361054 0.5799401317 0.0141554469 -0.0094291549 -0.0376334995 0.9992471220 0.1872899141 0.0990728897 0.2575529298 -0.0033305376 -0.0001098677 -0.0030324545 0.0523546077 0.0059290719 0.1388483346 0.1641083658 -0.0755911842 0.3064020276 -0.0308814328 0.0309317149 0.6211689017 0.7820823804 0.0353161835 0.0000000000 0.0000000000 0.0732475600
-0.7155755758 -0.0017279816 0.0072660656 0.0983548388 -0.0039183297 0.0956504274 0.1618915368 -0.0996226568 -0.0356932866 -0.0578193739 -0.0160712381 0.5789952020 0.8145523988 0.0356222634 -0.8152881189 0.5788597603 0.0150552689 -0.0083569894 -0.0377593366 0.9992519168 0.1906427485 0.1069285648 0.2560180195 -0.0035421243 -0.0001206121 -0.0031518659 0.0532747842 0.0061916951 0.1403932124 0.1639509201 -0.0754349679 0.3115410507 -0.0320956782 0.0315566175 0.6208962282 0.7823491115 0.0347558069 0.0000000000 0.0000000000 0.0747241980
-0.7160282135 -0.0016225413 0.0068346090 0.0981167853 -0.0037435119 0.0954707092 0.1615965742 -0.0996950530 -0.0361028261 -0.0597749035 -0.0134292419 0.5779590291 0.8153112290 0.0350850476 -0.8160335843 0.5777837599 0.0159723517 -0.0072491330 -0.0378619420 0.9992566855 0.1938543158 0.1144805272 0.2545571237 -0.0037622536 -0.0001320343 -0.0032724403 0.0541800745 0.0064588170 0.1419636607 0.1637873650 -0.0752756223 0.3166282177 -0.0333308950 0.0321811363 0.6206179928 0.7826227146 0.0341559468 0.0000000000 0.0000000000 0.0762103579
-0.7164631486 -0.0015110064 0.0064125224 0.0978721082 -0.0035701243 0.0952891184 0.1612918285 -0.0997544883 -0.0364537786 -0.0617321311 -0.0108698430 0.5769273112 0.8160660483 0.0345120620 -0.8167726618 0.5767118911 0.0169060228 -0.0061070853 -0.0379420550 0.9992612791 0.1969271469 0.1217326176 0.2531699198 -0.0039910637 -0.0001441527 -0.0033941269 0.0550707988 0.0067303628 0.1435594112 0.1636175811 -0.0751131549 0.3216631413 -0.0345869437 0.0328052603 0.6203339572 0.7829030514 0.0335181436 0.0000000000 0.0000000000 0.0777057103
-0.7168809175 -0.0013935110 0.0060002678 0.0976208225 -0.0033986438 0.0951059527 0.1609772942 -0.0998013660 -0.0367446153 -0.0636900172 -0.0083898770 0.5758996549 0.8168170245 0.0339048079 -0.8175055105 0.5756439152 0.0178556210 -0.0049323211 -0.0380004133 0.9992655507 0.1998640424 0.1286882942 0.2518558013 -0.0042286897 -0.0001569853 -0.0035168780 0.0559472851 0.0070062596 0.1451801956 0.1634414643 -0.0749475658 0.3266454935 -0.0358636864 0.0334289856 0.6200438868 0.7831899807 0.0328439206 0.0000000000 0.0000000000 0.0792098825
-0.7172818780 -0.0012713068 0.0055978606 0.0973630697 -0.0032297261 0.0949215169 0.1606529711 -0.0998360742 -0.0369738799 -0.0656475648 -0.0059862258 0.5748756712 0.8175643203 0.0332647692 -0.8182322882 0.5745795954 0.0188204978 -0.0037262901 -0.0380377546 0.9992693551 0.2026680196 0.1353510682 0.2506139435 -0.0044752648 -0.0001705497 -0.0036406470 0.0568098500 0.0072864350 0.1468257755 0.1632589102 -0.0747788623 0.3315749466 -0.0371609852 0.0340523049 0.6197475514 0.7834833584 0.0321347860 0.0000000000 0.0000000000 0.0807224648
-0.7176658511 -0.0011433433 0.0052052862 0.0970992297 -0.0030636096 0.0947361231 0.1603188638 -0.0998589851 -0.0371401859 -0.0676038177 -0.0036558502 0.5738549772 0.8183080928 0.0325934105 -0.8189531506 0.5735186975 0.0198000177 -0.0024904156 -0.0380548149 0.9992725499 0.2053419664 0.1417252811 0.2494432683 -0.0047309175 -0.0001848629 -0.0037653898 0.0576588176 0.0075708209 0.1484958529 0.1630698144 -0.0746070445 0.3364510834 -0.0384786986 0.0346752070 0.6194447263 0.7837830385 0.0313922296 0.0000000000 0.0000000000 0.0822430271
-0.7188521624 -0.0012415046 0.0050896863 0.0969339758 -0.0029006519 0.0945500901 0.1599749815 -0.0998704561 -0.0372422150 -0.0695578625 -0.0013957051 0.5728371971 0.8190484935 0.0318921757 -0.8196682514 0.5724609905 0.0207935583 -0.0012260938 -0.0380523276 0.9992749957 0.2078889697 0.1478145710 0.2483425609 -0.0049957759 -0.0001999412 -0.0038910634 0.0584945008 0.0078593465 0.1501901895 0.1628740877 -0.0744321123 0.3412736058 -0.0398166887 0.0352976881 0.6191351930 0.7840888739 0.0306177225 0.0000000000 0.0000000000 0.0837711094
-0.7202887535 -0.0013404406 0.0050196522 0.0968183503 -0.0027410320 0.0943637433 0.1596213492 -0.0998711268 -0.0372786401 -0.0715042885 0.0006781664 0.5718219630 0.8197856973 0.0311617268 -0.8203777412 0.5714062446 0.0218005811 0.0000657993 -0.0380304382 0.9992765791 0.2103398753 0.1539284739 0.2473105328 -0.0052699633 -0.0002158005 -0.0040176283 0.0593172051 0.0081519466 0.1519085020 0.1626716256 -0.0742540732 0.3460421562 -0.0411748216 0.0359197408 0.6188187544 0.7844007629 0.0298119534 0.0000000000 0.0000000000 0.0853060982
-0.7215964198 -0.0013093345 0.0048555499 0.0967142805 -0.0025848688 0.0941774136 0.1592580171 -0.0998621655 -0.0372485622 -0.0734396020 0.0025001848 0.5708089106 0.8205199182 0.0304015053 -0.8210817674 0.5703542297 0.0228206886 0.0013852024 -0.0379883741 0.9992772211 0.2127132779 0.1601698399 0.2463460133 -0.0055536008 -0.0002324560 -0.0041450481 0.0601272471 0.0084485570 0.1536505222 0.1624623090 -0.0740729198 0.3507564366 -0.0425529517 0.0365413539 0.6184952363 0.7847186741 0.0289743875 0.0000000000 0.0000000000 0.0868476751
-0.7227656841 -0.0011770794 0.0046223667 0.0966165215 -0.0024321030 0.0939914357 0.1588850436 -0.0998448303 -0.0371512205 -0.0753631485 0.0040799450 0.5697976754 0.8212513534 0.0296112090 -0.8217804729 0.5693047197 0.0238535216 0.0027319358 -0.0379255945 0.9992768314 0.2150102839 0.1664039857 0.2454477809 -0.0058468059 -0.0002499220 -0.0042732940 0.0609249286 0.0087491125 0.1554159820 0.1622460634 -0.0738886595 0.3554160595 -0.0439509489 0.0371625200 0.6181644540 0.7850425535 0.0281047444 0.0000000000 0.0000000000 0.0883955924
-0.7237952948 -0.0009777244 0.0043483549 0.0965194330 -0.0022827347 0.0938061484 0.1585024879 -0.0998202588 -0.0369858117 -0.0772748484 0.0054421939 0.5687878964 0.8219801628 0.0287913329 -0.8224739965 0.5682574937 0.0248987137 0.0041053580 -0.0378422096 0.9992752940 0.2172299335 0.1724884704 0.2446145090 -0.0061496925 -0.0002682120 -0.0044023423 0.0617105402 0.0090535507 0.1572045982 0.1620227695 -0.0737012923 0.3600207865 -0.0453686677 0.0377832316 0.6178262071 0.7853722932 0.0272035397 0.0000000000 0.0000000000 0.0899494843
-0.7246901989 -0.0007361545 0.0040534511 0.0964195579 -0.0021368829 0.0936218946 0.1581104093 -0.0997894630 -0.0367514861 -0.0791746659 0.0066121993 0.5677792204 0.8227064779 0.0279429435 -0.8231624732 0.5672123360 0.0259558970 0.0055045024 -0.0377388014 0.9992724770 0.2193726151 0.1783285088 0.2438447821 -0.0064623738 -0.0002873389 -0.0045321751 0.0624843799 0.0093618128 0.1590160877 0.1617923379 -0.0735108256 0.3645702004 -0.0468059778 0.0384034887 0.6174802899 0.7857077477 0.0262718603 0.0000000000 0.0000000000 0.0915089050
-0.7254581451 -0.0004693418 0.0037491445 0.0963143408 -0.0019947861 0.0934390214 0.1577088674 -0.0997533298 -0.0364473610 -0.0810625802 0.0076145491 0.5667713045 0.8234304105 0.0270674621 -0.8238460343 0.5661690356 0.0270247078 0.0069282074 -0.0376162502 0.9992682411 0.2214396370 0.1838673359 0.2431370831 -0.0067849588 -0.0003073146 -0.0046627782 0.0632467344 0.0096738385 0.1608501971 0.1615546793 -0.0733172596 0.3690640628 -0.0482627377 0.0390232764 0.6171264988 0.7860487500 0.0253111478 0.0000000000 0.0000000000 0.0930733683
-0.7261091471 -0.0001891851 0.0034432723 0.0962030068 -0.0018566230 0.0932578806 0.1572979216 -0.0997126272 -0.0360725325 -0.0829385712 0.0084725186 0.5657638180 0.8241520587 0.0261665135 -0.8245248075 0.5651273863 0.0281047881 0.0083752055 -0.0374756117 0.9992624452 0.2234324102 0.1890733773 0.2424897705 -0.0071175504 -0.0003281503 -0.0047941431 0.0639978871 0.0099895708 0.1627066433 0.1613096744 -0.0731205940 0.3735020459 -0.0497388057 0.0396425873 0.6167646375 0.7863951214 0.0243230472 0.0000000000 0.0000000000 0.0946423778
-0.7266532779 0.0000958145 0.0031397538 0.0960847810 -0.0017227513 0.0930788285 0.1568776318 -0.0996680118 -0.0356260863 -0.0848026073 0.0092076396 0.5647564435 0.8248715110 0.0252418266 -0.8251989164 0.5640871870 0.0291957850 0.0098441804 -0.0373180357 0.9992549506 0.2253522730 0.1939321803 0.2419011018 -0.0074602533 -0.0003498564 -0.0049262634 0.0647381023 0.0103089530 0.1645851284 0.1610572487 -0.0729208365 0.3778838515 -0.0512340516 0.0402614139 0.6163945200 0.7867466793 0.0233093084 0.0000000000 0.0000000000 0.0962154366
-0.7271013260 0.0003808140 0.0028412563 0.0959597901 -0.0015932904 0.0929022258 0.1564480577 -0.0996200380 -0.0351071072 -0.0866546440 0.0098396091 0.5637488781 0.8255888489 0.0242951668 -0.8258684807 0.5630482423 0.0302973501 0.0113338034 -0.0371447096 0.9992456232 0.2272001032 0.1984405493 0.2413691941 -0.0078131659 -0.0003724425 -0.0050591370 0.0654676780 0.0106319301 0.1664853841 0.1607973129 -0.0727179796 0.3822091818 -0.0527483374 0.0408797525 0.6160159725 0.7871032420 0.0222717187 0.0000000000 0.0000000000 0.0977920593
-0.7274625897 0.0006620436 0.0025482271 0.0958281085 -0.0014681210 0.0927284380 0.1560092597 -0.0995691674 -0.0345146878 -0.0884946191 0.0103861836 0.5627408332 0.8263041482 0.0233282937 -0.8265336159 0.5620103628 0.0314091366 0.0128427571 -0.0369568227 0.9992343353 0.2289765592 0.2026021316 0.2408920902 -0.0081763836 -0.0003959176 -0.0051927632 0.0661868453 0.0109584481 0.1684071273 0.1605297327 -0.0725120381 0.3864777386 -0.0542815216 0.0414975919 0.6156288341 0.7874646315 0.0212120605 0.0000000000 0.0000000000 0.0993717662
-0.7277466655 0.0009375659 0.0022611578 0.0956900567 -0.0013476006 0.0925578349 0.1555612981 -0.0995157784 -0.0338479336 -0.0903224594 0.0108633699 0.5617320356 0.8270174807 0.0223429359 -0.8271944334 0.5609733653 0.0325307987 0.0143697472 -0.0367555439 0.9992209667 0.2306817886 0.2064246899 0.2404678568 -0.0085499994 -0.0004202896 -0.0053271446 0.0668958724 0.0112884566 0.1703500748 0.1602544636 -0.0723030046 0.3906892538 -0.0558334738 0.0421149284 0.6152329576 0.7878306759 0.0201320865 0.0000000000 0.0000000000 0.1009540890
-0.7279620171 0.0012055555 0.0019796763 0.0955460742 -0.0012316102 0.0923907909 0.1551042340 -0.0994601744 -0.0331059706 -0.0921380786 0.0112854363 0.5607222263 0.8277289147 0.0213407755 -0.8278510404 0.5599370727 0.0336619885 0.0159135098 -0.0365420083 0.9992054052 0.2323156690 0.2099183132 0.2400944568 -0.0089341030 -0.0004455658 -0.0054622837 0.0675950050 0.0116219027 0.1723139286 0.1599713713 -0.0720908865 0.3948434293 -0.0574040525 0.0427317470 0.6148282096 0.7882012102 0.0190335043 0.0000000000 0.0000000000 0.1025385647
-0.7281165123 0.0014662956 0.0017030223 0.0953967124 -0.0011203284 0.0922276846 0.1546381287 -0.0994025924 -0.0322879492 -0.0939413816 0.0116650667 0.5597111617 0.8284385151 0.0203234399 -0.8285035402 0.5589013149 0.0348023556 0.0174728145 -0.0363173088 0.9991875469 0.2338776912 0.2130945807 0.2397698631 -0.0093287798 -0.0004717529 -0.0055981860 0.0682844743 0.0119587379 0.1742984056 0.1596803814 -0.0718756914 0.3989399970 -0.0589931197 0.0433480442 0.6144144700 0.7885760772 0.0179179684 0.0000000000 0.0000000000 0.1041247373
-0.7282173634 0.0017186088 0.0014309278 0.0952423736 -0.0010135766 0.0920688986 0.1541630441 -0.0993432101 -0.0313930487 -0.0957322667 0.0120134885 0.5586986128 0.8291463439 0.0192924992 -0.8291520321 0.5578659285 0.0359515449 0.0190464641 -0.0360824932 0.9991672962 0.2353671756 0.2159647011 0.2394920034 -0.0097341128 -0.0004988564 -0.0057348576 0.0689645261 0.0122989137 0.1763032228 0.1593814045 -0.0716574118 0.4029786885 -0.0606005453 0.0439638197 0.6139916325 0.7889551276 0.0167870771 0.0000000000 0.0000000000 0.1057121510
-0.7282702327 0.0019629274 0.0011627966 0.0950833932 -0.0009114144 0.0919148199 0.1536790426 -0.0992821536 -0.0304204814 -0.0975106285 0.0123405902 0.5576843653 0.8298524602 0.0182494663 -0.8297966112 0.5568307567 0.0371091964 0.0206332938 -0.0358385639 0.9991445664 0.2367832080 0.2185403983 0.2392588490 -0.0101501802 -0.0005268814 -0.0058723046 0.0696353614 0.0126423799 0.1783280969 0.1590743512 -0.0714360550 0.4069592357 -0.0622261874 0.0445790552 0.6135596040 0.7893382199 0.0156423737 0.0000000000 0.0000000000 0.1073003519
-0.7282810211 0.0021996314 0.0008981226 0.0949204192 -0.0008139012 0.0917658389 0.1531861872 -0.0992195026 -0.0293694931 -0.0992763647 0.0126551708 0.5566682193 0.8305569205 0.0171957967 -0.8304373692 0.5557956499 0.0382749440 0.0222321706 -0.0355864771 0.9991192788 0.2381248001 0.2208328947 0.2390683690 -0.0105770603 -0.0005558321 -0.0060105356 0.0702972189 0.0129890945 0.1803727150 0.1587591171 -0.0712116212 0.4108813703 -0.0638699159 0.0451937467 0.6131183042 0.7897252209 0.0144853453 0.0000000000 0.0000000000 0.1088888839
-0.7282547951 0.0024283777 0.0006358772 0.0947536975 -0.0007207392 0.0916223501 0.1526845412 -0.0991552960 -0.0282393669 -0.1010293752 0.0129649616 0.5556499894 0.8312597783 0.0161328920 -0.8310743943 0.5547604652 0.0394484156 0.0238419905 -0.0353271451 0.9990913633 0.2393909503 0.2228526727 0.2389185119 -0.0110148229 -0.0005857119 -0.0061495556 0.0709502846 0.0133390082 0.1824368089 0.1584356278 -0.0709841177 0.4147448540 -0.0655315816 0.0458078869 0.6126676658 0.7901160046 0.0133174268 0.0000000000 0.0000000000 0.1104772877
-0.7281961441 0.0026504707 0.0003764033 0.0945836529 -0.0006321072 0.0914847510 0.1521741685 -0.0990895372 -0.0270294255 -0.1027695648 0.0132767397 0.5546295041 0.8319610846 0.0150621028 -0.8317077710 0.5537250664 0.0406292325 0.0254616764 -0.0350614390 0.9990607582 0.2405803824 0.2246097649 0.2388073165 -0.0114635397 -0.0006165234 -0.0062893750 0.0715947673 0.0136920810 0.1845200658 0.1581037790 -0.0707535446 0.4185494483 -0.0672110692 0.0464214720 0.6122076340 0.7905104530 0.0121400037 0.0000000000 0.0000000000 0.1120651042
-0.7281087637 0.0028656865 0.0001191944 0.0944107845 -0.0005476474 0.0913534428 0.1516551337 -0.0990221980 -0.0257390331 -0.1044968452 0.0135964272 0.5536066058 0.8326608874 0.0139847319 -0.8323375808 0.5526893244 0.0418170093 0.0270901760 -0.0347901905 0.9990274095 0.2416921164 0.2261132915 0.2387327917 -0.0119232740 -0.0006482686 -0.0064299991 0.0722308531 0.0140482653 0.1866222024 0.1577634811 -0.0705199018 0.4222948849 -0.0689082295 0.0470344909 0.6117381660 0.7909084549 0.0109544154 0.0000000000 0.0000000000 0.1136518665
