# Actions and States
# action[0], ..., state[0], ..., command[0], ...
-0.8798691630 0.0587302484 -0.1039825380 0.1364273280 0.0903643444 0.1833013568 -0.2256325682 -0.1268563608 0.0000000000 0.0000000000 0.0000000000 -0.9970584178 -0.0766453623 0.0000000000 0.0766453623 -0.9970584178 0.0000000000 0.0000000000 0.0000000000 1.0000000000 0.0000000000 0.0000000000 0.0000000000 -0.0000000446 0.0000000001 -0.0000000036 -0.0000044587 -0.0000000111 0.1833726168 -0.2256327569 -0.1268505901 0.0142333200 -0.0000559212 0.0011530130 -0.9970570522 -0.0766631246 0.0000000000 0.0000000000 0.0000000000 0.0035585629
-0.8660798073 0.0684097335 -0.0798527226 0.1300357729 0.0826934353 0.1833013556 -0.2256325684 -0.1269070054 -0.0000008065 -0.0000000952 -0.0202578579 -0.9970535202 -0.0767088564 -0.0001709519 0.0767088587 -0.9970535346 -0.0000069742 -0.0001699132 -0.0000200672 0.9999999854 -0.0027922733 0.0683655523 0.0254732926 -0.0000002673 0.0000000006 -0.0000001483 0.0000458692 0.0000000924 0.1834614873 -0.2256331891 -0.1268433928 0.0213073548 -0.0001256075 0.0017295020 -0.9970553196 -0.0766852740 -0.0001709518 0.0000000000 0.0000000000 0.0053271432
-0.8471206427 0.0756315887 -0.0503222197 0.1223527342 0.0729531497 0.1833013293 -0.2256325717 -0.1270818179 -0.0000100527 -0.0000013443 -0.0446026583 -0.9970362434 -0.0769294849 -0.0007640640 0.0769295547 -0.9970365288 -0.0000622659 -0.0007570096 -0.0001208605 0.9999997062 -0.0186686510 0.1517895070 0.0566863823 -0.0000008459 0.0000000026 -0.0000008854 0.0002450012 0.0000008195 0.1835856438 -0.2256340533 -0.1268332899 0.0283521842 -0.0002229196 0.0023059698 -0.9970523889 -0.0767161403 -0.0007640504 0.0000000000 0.0000000000 0.0070756035
-0.8279127479 0.0773173645 -0.0256999750 0.1159458086 0.0637559369 0.1833011987 -0.2256325926 -0.1273714391 -0.0000405599 -0.0000069625 -0.0664257629 -0.9970064397 -0.0772992132 -0.0017293786 0.0772997229 -0.9970078736 -0.0002297853 -0.0017064418 -0.0003627779 0.9999984782 -0.0447305097 0.2177354689 0.0855257020 -0.0000019574 0.0000000078 -0.0000028268 0.0005852311 0.0000028950 0.1837449521 -0.2256354690 -0.1268203259 0.0353672169 -0.0003477141 0.0028824094 -0.9970469592 -0.0767553289 -0.0017292504 0.0000000000 0.0000000000 0.0087678369
-0.8102500439 0.0752750784 -0.0089108674 0.1114446372 0.0554661117 0.1833008128 -0.2256326694 -0.1277603447 -0.0001072725 -0.0000227118 -0.0848857192 -0.9969644454 -0.0778023028 -0.0029489462 0.0778042135 -0.9969685121 -0.0005386589 -0.0028980976 -0.0007664642 0.9999955068 -0.0737269015 0.2576798967 0.1109331076 -0.0000037788 0.0000000185 -0.0000065221 0.0010514173 0.0000069862 0.1839392632 -0.2256375700 -0.1268044710 0.0423518680 -0.0004998477 0.0034588142 -0.9970376337 -0.0768021547 -0.0029483917 0.0000000000 0.0000000000 0.0103759940
-0.7945879698 0.0707576647 0.0015976564 0.1084861830 0.0480758399 0.1832999500 -0.2256328742 -0.1282316353 -0.0002233522 -0.0000559777 -0.1000782253 -0.9969110234 -0.0784212305 -0.0043037265 0.0784261762 -0.9969194300 -0.0009924570 -0.0042126389 -0.0013269161 0.9999902464 -0.1028414331 0.2771481662 0.1330229493 -0.0000064872 0.0000000372 -0.0000124398 0.0016267219 0.0000136803 0.1841684282 -0.2256405056 -0.1267857403 0.0493055619 -0.0006791771 0.0040351767 -0.9970236502 -0.0768558653 -0.0043021239 0.0000000000 0.0000000000 0.0118918090
-0.7808605433 0.0646400452 0.0079553537 0.1065785289 0.0414988361 0.1832983327 -0.2256333191 -0.1287699824 -0.0003985402 -0.0001149334 -0.1123505813 -0.9968471169 -0.0791402687 -0.0057134359 0.0791505026 -0.9968614135 -0.0015875192 -0.0055698670 -0.0020347353 0.9999824181 -0.1308255194 0.2832308858 0.1521458830 -0.0000102605 0.0000000669 -0.0000209679 0.0022960599 0.0000234847 0.1844322681 -0.2256444097 -0.1267641187 0.0562277213 -0.0008855590 0.0046114903 -0.9970048936 -0.0769157827 -0.0057097884 0.0000000000 0.0000000000 0.0133207630
-0.7689198852 0.0575704761 0.0116537008 0.1053711101 0.0356544442 0.1832956449 -0.2256341577 -0.1293618530 -0.0006392826 -0.0002080192 -0.1220570734 -0.9967737610 -0.0799454494 -0.0071270223 0.0799637146 -0.9967950860 -0.0023153410 -0.0069190799 -0.0028777743 0.9999719220 -0.1568543615 0.2808504151 0.1686282175 -0.0000152769 0.0000001105 -0.0000324220 0.0030459848 0.0000368351 0.1847306490 -0.2256494164 -0.1267396212 0.0631177798 -0.0011188502 0.0051877471 -0.9969816843 -0.0769813716 -0.0071199308 0.0000000000 0.0000000000 0.0146771216
-0.7586053014 0.0500110872 0.0136589557 0.1046315059 0.0304700565 0.1832915469 -0.2256355858 -0.1299954196 -0.0009491708 -0.0003435070 -0.1295280927 -0.9966920042 -0.0808244120 -0.0085125333 0.0808537854 -0.9967209500 -0.0031643540 -0.0082288633 -0.0038421569 0.9999587610 -0.1804177930 0.2731823788 0.1827659117 -0.0000217156 0.0000001707 -0.0000470545 0.0038645070 0.0000541038 0.1850633919 -0.2256556451 -0.1267122477 0.0699751601 -0.0013789077 0.0057639410 -0.9969545807 -0.0770522631 -0.0085002003 0.0000000000 0.0000000000 0.0159792581
-0.7497562170 0.0422903337 0.0145886624 0.1042066067 0.0258799214 0.1832856885 -0.2256378388 -0.1306604215 -0.0013294498 -0.0005291566 -0.1350652856 -0.9966028566 -0.0817662504 -0.0098502039 0.0818099837 -0.9966394244 -0.0041212123 -0.0094801254 -0.0049130570 0.9999429929 -0.2012299107 0.2622503293 0.1948264701 -0.0000297567 0.0000002498 -0.0000650624 0.0047409334 0.0000756060 0.1854303479 -0.2256632447 -0.1266819835 0.0767993107 -0.0016655884 0.0063400646 -0.9969242427 -0.0771282524 -0.0098304628 0.0000000000 0.0000000000 0.0172465080
-0.7422161102 0.0346418619 0.0148384413 0.1039941758 0.0218004007 0.1832777188 -0.2256411888 -0.1313480186 -0.0017795077 -0.0007719670 -0.1389411002 -0.9965072621 -0.0827613671 -0.0111280140 0.0828227417 -0.9965508753 -0.0051716923 -0.0106616157 -0.0060752816 0.9999247076 -0.2191624340 0.2493421478 0.2050511082 -0.0000395812 0.0000003494 -0.0000865952 0.0056657363 0.0001016065 0.1858313233 -0.2256723493 -0.1266488433 0.0835896656 -0.0019787492 0.0069161109 -0.9968913480 -0.0772092856 -0.0110983763 0.0000000000 0.0000000000 0.0184972704
-0.7358363271 0.0272315387 0.0146618113 0.1039252579 0.0181861725 0.1832672946 -0.2256459404 -0.1320506468 -0.0022973114 -0.0010780142 -0.1413993752 -0.9964060874 -0.0838013213 -0.0123388627 0.0838835207 -0.9964556429 -0.0063013225 -0.0117670702 -0.0073137033 0.9999040183 -0.2341979368 0.2352776910 0.2136494331 -0.0000513711 0.0000004706 -0.0001117610 0.0066304123 0.0001323247 0.1862661839 -0.2256830782 -0.1266128272 0.0903456733 -0.0023182472 0.0074920733 -0.9968565466 -0.0772954392 -0.0122965771 0.0000000000 0.0000000000 0.0197479623
-0.7304763794 0.0201738961 0.0142219309 0.1039526686 0.0150113152 0.1832540860 -0.2256524252 -0.1327618790 -0.0028797766 -0.0014523630 -0.1426566290 -0.9963001214 -0.0848786836 -0.0134787707 0.0849846886 -0.9963540612 -0.0074958245 -0.0127933922 -0.0086135800 0.9998810606 -0.2463969525 0.2205794663 0.2208098224 -0.0000653092 0.0000006132 -0.0001406331 0.0076273633 0.0001679399 0.1867347211 -0.2256955653 -0.1265739202 0.0970667899 -0.0026839396 0.0080679441 -0.9968204374 -0.0773868989 -0.0134208894 0.0000000000 0.0000000000 0.0210125236
-0.7260057926 0.0135465469 0.0136246448 0.1040430889 0.0122307995 0.1832377809 -0.2256609974 -0.1334762921 -0.0035230744 -0.0018990408 -0.1429035303 -0.9961900749 -0.0859869527 -0.0145457395 0.0861194571 -0.9962464689 -0.0087414195 -0.0137394936 -0.0099607865 0.9998559942 -0.2558738937 0.2055808367 0.2267083890 -0.0000815788 0.0000007762 -0.0001732554 0.0086498307 0.0002085954 0.1872367859 -0.2257099599 -0.1265321374 0.1037524715 -0.0030756835 0.0086437166 -0.9967835594 -0.0774839381 -0.0144691860 0.0000000000 0.0000000000 0.0223022691
-0.7223055363 0.0073986342 0.0129389102 0.1041729599 0.0098031601 0.1832180880 -0.2256720279 -0.1341893437 -0.0042228780 -0.0024210572 -0.1423066497 -0.9960765838 -0.0871204799 -0.0155390246 0.0872818259 -0.9961332148 -0.0100250351 -0.0146055526 -0.0113419771 0.9998290041 -0.2627797575 0.1904943613 0.2315045789 -0.0001003643 0.0000009574 -0.0002096465 0.0096918382 0.0002544025 0.1877721995 -0.2257263660 -0.1264874786 0.1104021743 -0.0034933360 0.0092193838 -0.9967463889 -0.0775868972 -0.0154406609 0.0000000000 0.0000000000 0.0236259412
-0.7192682028 0.0017566886 0.0122094052 0.1043250039 0.0076903971 0.1831947385 -0.2256859000 -0.1348972569 -0.0049745559 -0.0030204574 -0.1410104858 -0.9959602134 -0.0882743756 -0.0164586716 0.0884665081 -0.9960146622 -0.0113344432 -0.0153925373 -0.0127446957 0.9998003013 -0.2672892215 0.1754552232 0.2353408429 -0.0001218501 0.0000011534 -0.0002498044 0.0107481219 0.0003054445 0.1883407533 -0.2257449329 -0.1264399439 0.1170153618 -0.0039367550 0.0097949384 -0.9967093414 -0.0776961655 -0.0163353619 0.0000000000 0.0000000000 0.0249898841
-0.7167980671 -0.0033676794 0.0114660747 0.1044863835 0.0058582947 0.1831674875 -0.2257030045 -0.1355969168 -0.0057733198 -0.0036983959 -0.1391395710 -0.9958414655 -0.0894444235 -0.0173052208 0.0896688598 -0.9958911898 -0.0126583425 -0.0161018988 -0.0141574418 0.9997701214 -0.2695906199 0.1605492503 0.2383440509 -0.0001462214 0.0000013593 -0.0002937098 0.0118140532 0.0003617799 0.1889422834 -0.2257657796 -0.1263895333 0.1235915050 -0.0044057975 0.0103703747 -0.9966727748 -0.0778121643 -0.0171538886 0.0000000000 0.0000000000 0.0263982855
-0.7148108482 -0.0079764370 0.0107278284 0.1046476141 0.0042755939 0.1831361140 -0.2257237353 -0.1362857767 -0.0066143360 -0.0044552229 -0.1368005920 -0.9957207828 -0.0906270033 -0.0180795180 0.0908848172 -0.9957631900 -0.0139864012 -0.0167353729 -0.0155697040 0.9997387217 -0.2698790574 0.1458301438 0.2406269990 -0.0001736633 0.0000015692 -0.0003413292 0.0128855836 0.0004234456 0.1895766109 -0.2257890403 -0.1263362467 0.1301300824 -0.0049003209 0.0109456833 -0.9966369937 -0.0779353324 -0.0178971980 0.0000000000 0.0000000000 0.0278534369
-0.7132326365 -0.0120811881 0.0100075537 0.1048013791 0.0029142417 0.1831004210 -0.2257484861 -0.1369617751 -0.0074928051 -0.0052905750 -0.1340844781 -0.9955985545 -0.0918190200 -0.0187825938 0.0921108374 -0.9956310661 -0.0153092705 -0.0172948517 -0.0169719680 0.9997063771 -0.2683506788 0.1313313702 0.2422896859 -0.0002043611 0.0000017756 -0.0003926178 0.0139591778 0.0004904594 0.1902435273 -0.2258148193 -0.1262800843 0.1366305649 -0.0054201828 0.0115208589 -0.9966022533 -0.0780661136 -0.0185664753 0.0000000000 0.0000000000 0.0293560104
-0.7120003700 -0.0156990532 0.0093137464 0.1049419716 0.0017487389 0.1830602357 -0.2257776468 -0.1376232631 -0.0084040195 -0.0062034672 -0.1310683257 -0.9954751208 -0.0930178412 -0.0194155871 0.0933438461 -0.9954952282 -0.0166185748 -0.0177823004 -0.0183557033 0.9996733756 -0.2651984108 0.1170729787 0.2434205978 -0.0002385004 0.0000019699 -0.0004475212 0.0150317708 0.0005628226 0.1909428388 -0.2258432806 -0.1262210310 0.1430924386 -0.0059652408 0.0120958947 -0.9965687640 -0.0782049464 -0.0191630510 0.0000000000 0.0000000000 0.0309053278
-0.7110188007 -0.0187867898 0.0086676693 0.1050605848 0.0007560848 0.1830154079 -0.2258116007 -0.1382689407 -0.0093433986 -0.0071923779 -0.1278173528 -0.9953507772 -0.0942212399 -0.0199796953 0.0945811879 -0.9953560882 -0.0179068846 -0.0181997025 -0.0197133348 0.9996400128 -0.2606093550 0.1030661581 0.2440978080 -0.0002762661 0.0000021419 -0.0005059779 0.0161007140 0.0006405221 0.1916743815 -0.2258745134 -0.1261591166 0.1495151818 -0.0065353531 0.0126707833 -0.9965366944 -0.0783522549 -0.0196883432 0.0000000000 0.0000000000 0.0324996040
-0.7085521221 -0.0185848381 0.0087637147 0.1049549207 -0.0000844598 0.1829658100 -0.2258507225 -0.1388977879 -0.0103066212 -0.0082554512 -0.1243806145 -0.9952257787 -0.0954273437 -0.0204761208 0.0958205831 -0.9952140543 -0.0191677322 -0.0185489974 -0.0210382550 0.9996065859 -0.2547833324 0.0893078687 0.2443900032 -0.0003178433 0.0000022805 -0.0005679205 0.0171637330 0.0007235328 0.1924379319 -0.2259086818 -0.1260943264 0.1558983177 -0.0071303770 0.0132455165 -0.9965061767 -0.0785084414 -0.0201437960 0.0000000000 0.0000000000 0.0341357676
-0.7065899968 -0.0184480026 0.0087551773 0.1048793495 -0.0007913707 0.1829113238 -0.2258953898 -0.1395083817 -0.0112941420 -0.0093958607 -0.1205513062 -0.9951003613 -0.0966346103 -0.0209050955 0.0970601293 -0.9950694746 -0.0203978413 -0.0188308850 -0.0223269506 0.9995733615 -0.2487953684 0.0754193608 0.2443574547 -0.0003634164 0.0000023731 -0.0006332755 0.0182189271 0.0008118189 0.1932332963 -0.2259458601 -0.1260266602 0.1622413099 -0.0077501703 0.0138200894 -0.9964773525 -0.0786738587 -0.0205298566 0.0000000000 0.0000000000 0.0357922717
-0.7051203251 -0.0184375234 0.0086364532 0.1048377156 -0.0013871184 0.1828518362 -0.2259459883 -0.1400986727 -0.0123022262 -0.0106122331 -0.1163488148 -0.9949747509 -0.0978417946 -0.0212656602 0.0982982766 -0.9949226031 -0.0215977474 -0.0190445236 -0.0235795911 0.9995405490 -0.2428786583 0.0613962510 0.2440530279 -0.0004131695 0.0000024059 -0.0007019606 0.0192647688 0.0009053362 0.1940602809 -0.2259862125 -0.1259561330 0.1685436815 -0.0083945915 0.0143944938 -0.9964503895 -0.0788488008 -0.0208457230 0.0000000000 0.0000000000 0.0374634342
-0.7040653229 -0.0185165480 0.0084334547 0.1048213020 -0.0018865444 0.1827872601 -0.2260028883 -0.1406670657 -0.0133256769 -0.0119014264 -0.1118630736 -0.9948491326 -0.0990478731 -0.0215574151 0.0995337162 -0.9947736766 -0.0227677771 -0.0191896492 -0.0247961929 0.9995083322 -0.2369824294 0.0473499118 0.2435211025 -0.0004672863 0.0000023637 -0.0007738846 0.0202999543 0.0010040334 0.1949186623 -0.2260298580 -0.1258827150 0.1748049259 -0.0090634981 0.0149687221 -0.9964254052 -0.0790335400 -0.0210911547 0.0000000000 0.0000000000 0.0391490483
-0.7033560276 -0.0186525360 0.0081673386 0.1048222706 -0.0023008545 0.1827175337 -0.2260664445 -0.1412123846 -0.0143594119 -0.0132602279 -0.1071722490 -0.9947236535 -0.1002520043 -0.0217804662 0.1007653417 -0.9946229201 -0.0239080063 -0.0192665254 -0.0259765755 0.9994768724 -0.2310632233 0.0333712597 0.2427996365 -0.0005259496 0.0000022305 -0.0008489492 0.0213233959 0.0011078531 0.1958082616 -0.2260768861 -0.1258064359 0.1810245663 -0.0097567495 0.0155427679 -0.9964024678 -0.0792283253 -0.0212664190 0.0000000000 0.0000000000 0.0408486762
-0.7029324770 -0.0188193191 0.0078548370 0.1048346385 -0.0026399433 0.1826426206 -0.2261369952 -0.1417338049 -0.0153985502 -0.0146854475 -0.1023416389 -0.9945984259 -0.1014535034 -0.0219353092 0.1019922245 -0.9944705472 -0.0250183316 -0.0192758215 -0.0271204242 0.9994463094 -0.2250912386 0.0195300214 0.2419219021 -0.0005893417 0.0000019886 -0.0009270512 0.0223341789 0.0012167330 0.1967288405 -0.2261274606 -0.1257272959 0.1872021109 -0.0104742022 0.0161166247 -0.9963815995 -0.0794333822 -0.0213721745 0.0000000000 0.0000000000 0.0425615206
-0.7027446032 -0.0189974289 0.0075088819 0.1048533842 -0.0029131093 0.1825625077 -0.2262148631 -0.1422307943 -0.0164384312 -0.0161739412 -0.0974253043 -0.9944735303 -0.1026518218 -0.0220227373 0.1032135948 -0.9943167607 -0.0260985308 -0.0192185151 -0.0282273440 0.9994167628 -0.2190478958 0.0058792787 0.2409171882 -0.0006576438 0.0000016197 -0.0010080840 0.0233315472 0.0013306068 0.1976802051 -0.2261816710 -0.1256452799 0.1933370680 -0.0112157157 0.0166902859 -0.9963627818 -0.0796489110 -0.0214093771 0.0000000000 0.0000000000 0.0442864788
-0.7027501464 -0.0191712659 0.0071387272 0.1048745885 -0.0031284587 0.1824772047 -0.2263003552 -0.1427030614 -0.0174746189 -0.0177226206 -0.0924678379 -0.9943490185 -0.1038465288 -0.0220437705 0.1044288236 -0.9941617524 -0.0271483108 -0.0190958157 -0.0292969013 0.9993883336 -0.2129231537 -0.0075407454 0.2398110980 -0.0007310360 0.0000011044 -0.0010919388 0.0243148897 0.0014494045 0.1986621469 -0.2262396514 -0.1255603880 0.1994289905 -0.0119811473 0.0172637422 -0.9963459588 -0.0798750872 -0.0213792082 0.0000000000 0.0000000000 0.0460222089
-0.7029128671 -0.0193290878 0.0067525376 0.1048947796 -0.0032931447 0.1823867429 -0.2263937635 -0.1431505137 -0.0185029011 -0.0193284592 -0.0875058602 -0.9942249162 -0.1050372957 -0.0219996019 0.1056374063 -0.9940057038 -0.0281673443 -0.0189091081 -0.0303286564 0.9993611050 -0.2067136766 -0.0206989624 0.2386259751 -0.0008096973 0.0000004223 -0.0011785061 0.0252837166 0.0015730534 0.1996744275 -0.2263015211 -0.1254726350 0.2054774016 -0.0127703575 0.0178369880 -0.9963310416 -0.0801120610 -0.0212830201 0.0000000000 0.0000000000 0.0477671803
-0.7032024860 -0.0194621868 0.0063563474 0.1049113348 -0.0034139620 0.1822911738 -0.2264953647 -0.1435732205 -0.0195192861 -0.0209884993 -0.0825691815 -0.9941012256 -0.1062238809 -0.0218915579 0.1068389488 -0.9938487851 -0.0291552984 -0.0186599093 -0.0313221890 0.9993351431 -0.2004212987 -0.0335719764 0.2373813005 -0.0008938054 -0.0000004476 -0.0012676761 0.0262376536 0.0017014791 0.2007168382 -0.2263673991 -0.1253820211 0.2114818245 -0.0135832028 0.0184100177 -0.9963179115 -0.0803599576 -0.0211222949 0.0000000000 0.0000000000 0.0495197220
-0.7035946846 -0.0195648726 0.0059551192 0.1049220189 -0.0034966923 0.1821905682 -0.2266054212 -0.1439713830 -0.0205199963 -0.0226998541 -0.0776818881 -0.9939779280 -0.1074061171 -0.0217210651 0.1080331537 -0.9936911561 -0.0301118567 -0.0183498327 -0.0322771161 0.9993104980 -0.1940517293 -0.0461422627 0.2360938849 -0.0009835366 -0.0000015272 -0.0013593398 0.0271764193 0.0018346049 0.2017891705 -0.2264374048 -0.1252885461 0.2174418122 -0.0144195436 0.0189828221 -0.9963064237 -0.0806188770 -0.0208986107 0.0000000000 0.0000000000 0.0512780667
-0.7040681839 -0.0196323879 0.0055530393 0.1049249023 -0.0035465211 0.1820850155 -0.2267241811 -0.1443453080 -0.0215014555 -0.0244597031 -0.0728634272 -0.9938549858 -0.1085838996 -0.0214896244 0.1092198089 -0.9935329659 -0.0310367350 -0.0179805605 -0.0331931065 0.9992872045 -0.1876133488 -0.0583970551 0.2347782181 -0.0010790657 -0.0000028392 -0.0014533894 0.0280998219 0.0019723536 0.2028911859 -0.2265116274 -0.1251921952 0.2233569026 -0.0152792372 0.0195553973 -0.9962964107 -0.0808888953 -0.0206136149 0.0000000000 0.0000000000 0.0530403931
-0.7046055198 -0.0196627770 0.0051529547 0.1049186140 -0.0035682765 0.1819746221 -0.2268518786 -0.1446953878 -0.0224602818 -0.0262652955 -0.0681292668 -0.9937323450 -0.1097571765 -0.0211987896 0.1103987765 -0.9933743528 -0.0319296930 -0.0175538210 -0.0340698891 0.9992652831 -0.1811166640 -0.0703275492 0.2334467383 -0.0011805660 -0.0000044066 -0.0015497191 0.0290077478 0.0021146466 0.2040226609 -0.2265902311 -0.1250929832 0.2292266488 -0.0161621440 0.0201277323 -0.9962876850 -0.0811700647 -0.0202690028 0.0000000000 0.0000000000 0.0548048537
-0.7051922083 -0.0196541641 0.0047574579 0.1049017236 -0.0035660116 0.1818595108 -0.2269887343 -0.1450220815 -0.0233932772 -0.0281139489 -0.0634915618 -0.9936099371 -0.1109259393 -0.0208501514 0.1115699831 -0.9932154445 -0.0327905422 -0.0170713707 -0.0349072596 0.9992447406 -0.1745733314 -0.0819278295 0.2321099951 -0.0012882088 -0.0000062534 -0.0016482248 0.0299001411 0.0022614053 0.2051833719 -0.2266732901 -0.1249909177 0.2350506186 -0.0170681216 0.0206998214 -0.9962800422 -0.0814624146 -0.0198665000 0.0000000000 0.0000000000 0.0565696105
-0.7058165073 -0.0196061488 0.0043685455 0.1048732772 -0.0035433024 0.1817398198 -0.2271349556 -0.1453259008 -0.0242974174 -0.0300030477 -0.0589597270 -0.9934876810 -0.1120902152 -0.0204453239 0.1127334113 -0.9930563582 -0.0336191511 -0.0165349810 -0.0357050836 0.9992255708 -0.1679959028 -0.0931944123 0.2307769217 -0.0014021638 -0.0000084035 -0.0017488049 0.0307770092 0.0024125513 0.2063730955 -0.2267609537 -0.1248859912 0.2408283502 -0.0179970320 0.0212716591 -0.9962732635 -0.0817659526 -0.0194078497 0.0000000000 0.0000000000 0.0583328537
-0.7064675689 -0.0195188392 0.0039875745 0.1048325747 -0.0035037254 0.1816157022 -0.2272907372 -0.1456073973 -0.0251698409 -0.0319300401 -0.0545409445 -0.9933654847 -0.1132500605 -0.0199859341 0.1138890919 -0.9928972009 -0.0344154484 -0.0159464264 -0.0364632985 0.9992077558 -0.1613973502 -0.1041258173 0.2294550475 -0.0015225989 -0.0000108818 -0.0018513610 0.0316384062 0.0025680056 0.2075915784 -0.2268532962 -0.1247782037 0.2465594113 -0.0189487301 0.0218432378 -0.9962671183 -0.0820806656 -0.0188948013 0.0000000000 0.0000000000 0.0600928231
-0.7071376443 -0.0193934739 0.0036159893 0.1047787219 -0.0034499627 0.1814873247 -0.2274562609 -0.1458671527 -0.0260078423 -0.0338924423 -0.0502403946 -0.9932432469 -0.1144055542 -0.0194736133 0.1150370967 -0.9927380694 -0.0351794243 -0.0153074758 -0.0371819135 0.9991912662 -0.1547907744 -0.1147219726 0.2281505378 -0.0016496798 -0.0000137132 -0.0019557967 0.0324844308 0.0027276902 0.2088386118 -0.2269504666 -0.1246675551 0.2522433698 -0.0199230798 0.0224145520 -0.9962613660 -0.0824065206 -0.0183291022 0.0000000000 0.0000000000 0.0618478250
-0.7078198195 -0.0192305017 0.0032545810 0.1047114283 -0.0033844579 0.1813548672 -0.2276316965 -0.1461057697 -0.0268088609 -0.0358878318 -0.0460617393 -0.9931208587 -0.1155567925 -0.0189099908 0.1161775322 -0.9925790506 -0.0359111302 -0.0146198857 -0.0378610086 0.9991760621 -0.1481890174 -0.1249842804 0.2268684747 -0.0017835705 -0.0000169230 -0.0020620197 0.0333152115 0.0028915270 0.2101139277 -0.2270525694 -0.1245540529 0.2578798532 -0.0209199358 0.0229855925 -0.9962557586 -0.0827434664 -0.0177124904 0.0000000000 0.0000000000 0.0635962476
-0.7085081339 -0.0190319493 0.0029041686 0.1046301946 -0.0033094762 0.1812185218 -0.2278172019 -0.1463238654 -0.0275704730 -0.0379138473 -0.0420073568 -0.9929982046 -0.1167038852 -0.0182966869 0.1173105341 -0.9924202219 -0.0366106783 -0.0138853937 -0.0385007320 0.9991620937 -0.1416048038 -0.1349150378 0.2256130018 -0.0019244326 -0.0000205369 -0.0021699392 0.0341309197 0.0030594401 0.2114173174 -0.2271597087 -0.1244377047 0.2634683549 -0.0219391622 0.0235563517 -0.9962500423 -0.0830914341 -0.0170466886 0.0000000000 0.0000000000 0.0653365658
-0.7091980577 -0.0187994372 0.0025649611 0.1045347378 -0.0032269247 0.1810784926 -0.2280129233 -0.1465220654 -0.0282903845 -0.0399681898 -0.0380785108 -0.9928751643 -0.1178469512 -0.0176353096 0.1184362626 -0.9922616513 -0.0372782397 -0.0131057145 -0.0391012985 0.9991493025 -0.1350503122 -0.1445174712 0.2243874008 -0.0020724256 -0.0000245806 -0.0022794688 0.0349317305 0.0032313529 0.2127485424 -0.2272720039 -0.1243184954 0.2690085173 -0.0229806174 0.0241268221 -0.9962439593 -0.0834503391 -0.0163334003 0.0000000000 0.0000000000 0.0670673541
-0.7098857760 -0.0185344629 0.0022372417 0.1044249609 -0.0031385319 0.1809349946 -0.2282189955 -0.1467009988 -0.0289664230 -0.0420486197 -0.0342755942 -0.9927516133 -0.1189861156 -0.0169274505 0.1195548978 -0.9921033978 -0.0379140417 -0.0122825366 -0.0396629857 0.9991376216 -0.1285371611 -0.1537952264 0.2231942168 -0.0022277066 -0.0000290800 -0.0023905248 0.0357178673 0.0034071906 0.2141073346 -0.2273895591 -0.1241964325 0.2744999230 -0.0240441598 0.0246970002 -0.9962372493 -0.0838200817 -0.0155743061 0.0000000000 0.0000000000 0.0687872909
-0.7105678320 -0.0182393864 0.0019219196 0.1043005660 -0.0030457284 0.1807882533 -0.2284355425 -0.1468612946 -0.0295965312 -0.0441529560 -0.0305982846 -0.9926274242 -0.1201215069 -0.0161746833 0.1206666360 -0.9919455118 -0.0385183657 -0.0114175204 -0.0401861307 0.9991269765 -0.1220764774 -0.1627523020 0.2220353429 -0.0023904305 -0.0000340611 -0.0025030265 0.0364895463 0.0035868795 0.2154934555 -0.2275124788 -0.1240715235 0.2799421549 -0.0251296498 0.0252668802 -0.9962296510 -0.0842005488 -0.0147710621 0.0000000000 0.0000000000 0.0704951596
-0.7112418413 -0.0179156009 0.0016181157 0.1041615903 -0.0029497060 0.1806385045 -0.2286626774 -0.1470035783 -0.0301787610 -0.0462790773 -0.0270456235 -0.9925024676 -0.1212532546 -0.0153785607 0.1217716860 -0.9917880357 -0.0390915441 -0.0105122956 -0.0406711272 0.9991172859 -0.1156786653 -0.1713937190 0.2209121270 -0.0025607501 -0.0000395500 -0.0026168963 0.0372470133 0.0037703463 0.2169066668 -0.2276408821 -0.1239437684 0.2853348255 -0.0262369495 0.0258364473 -0.9962209033 -0.0845916149 -0.0139252970 0.0000000000 0.0000000000 0.0721898542
-0.7119052410 -0.0175654329 0.0013265304 0.1040080935 -0.0028515381 0.1804859929 -0.2289005028 -0.1471284689 -0.0307112669 -0.0484249192 -0.0236161849 -0.9923766131 -0.1223814872 -0.0145406119 0.1228702665 -0.9916310035 -0.0396339572 -0.0095684589 -0.0411184211 0.9991084626 -0.1093535796 -0.1797240302 0.2198254693 -0.0027388155 -0.0000455727 -0.0027320602 0.0379905142 0.0039575202 0.2183467150 -0.2277748883 -0.1238131598 0.2906775475 -0.0273659173 0.0264057033 -0.9962107465 -0.0849931432 -0.0130386099 0.0000000000 0.0000000000 0.0738703766
-0.7125563622 -0.0171904806 0.0010466572 0.1038401276 -0.0027521183 0.1803309725 -0.2291491114 -0.1472365772 -0.0311923015 -0.0505884764 -0.0203080886 -0.9922497299 -0.1235063310 -0.0136623437 0.1239626031 -0.9914744421 -0.0401460306 -0.0085875756 -0.0415285077 0.9991004137 -0.1031103564 -0.1877484164 0.2187758774 -0.0029247741 -0.0000521551 -0.0028484468 0.0387203097 0.0041483315 0.2198133618 -0.2279145867 -0.1236797050 0.2959699035 -0.0285164118 0.0269746371 -0.9961989235 -0.0854049869 -0.0121125716 0.0000000000 0.0000000000 0.0755358389
-0.7131940722 -0.0167927146 0.0007784961 0.1036579162 -0.0026522216 0.1801737057 -0.2294085858 -0.1473285033 -0.0316202098 -0.0527678007 -0.0171191245 -0.9921216877 -0.1246279088 -0.0127452380 0.1250489265 -0.9913183711 -0.0406282313 -0.0075711771 -0.0419019277 0.9990930416 -0.0969575352 -0.1954719350 0.2177635309 -0.0031187711 -0.0000593233 -0.0029659877 0.0394366644 0.0043427106 0.2213063389 -0.2280600816 -0.1235434115 0.3012115061 -0.0296882968 0.0275432393 -0.9961851805 -0.0858269906 -0.0111487222 0.0000000000 0.0000000000 0.0771854599
-0.7138171196 -0.0163742714 0.0005222558 0.1034613922 -0.0025526229 0.1800144628 -0.2296789992 -0.1474048356 -0.0319934241 -0.0549609979 -0.0140468625 -0.9919923570 -0.1257463388 -0.0117907528 0.1261294702 -0.9911628034 -0.0410810656 -0.0065207621 -0.0422392645 0.9990862446 -0.0909030091 -0.2028997452 0.2167883322 -0.0033209487 -0.0000671028 -0.0030846181 0.0401398428 0.0045405906 0.2228253931 -0.2282114923 -0.1234042794 0.3064020276 -0.0308814328 0.0281115081 -0.9961692682 -0.0862589908 -0.0101485724 0.0000000000 0.0000000000 0.0788185644
-0.7144242525 -0.0159362704 0.0002769828 0.1032507941 -0.0024536203 0.1798535218 -0.2299604155 -0.1474661499 -0.0323104601 -0.0571662302 -0.0110886550 -0.9918616101 -0.1268617340 -0.0108003203 0.1272044687 -0.9910077456 -0.0415050752 -0.0054377952 -0.0425411397 0.9990799176 -0.0849539568 -0.2100374408 0.2158499146 -0.0035314471 -0.0000755192 -0.0032042752 0.0408301167 0.0047419053 0.2243702710 -0.2283689380 -0.1232623011 0.3115410507 -0.0320956782 0.0286794361 -0.9961509422 -0.0867008175 -0.0091136017 0.0000000000 0.0000000000 0.0804345808
-0.7150149941 -0.0154809915 0.0000433028 0.1030265242 -0.0023558096 0.1796911678 -0.2302528894 -0.1475130079 -0.0325699132 -0.0593817168 -0.0082416330 -0.9917293211 -0.1279742013 -0.0097753471 0.1282741563 -0.9908531985 -0.0419008347 -0.0043237081 -0.0428082107 0.9990739525 -0.0791171010 -0.2168899881 0.2149477899 -0.0037504034 -0.0000845978 -0.0033248991 0.0415077507 0.0049465895 0.2259407192 -0.2285324931 -0.1231174842 0.3166282177 -0.0333308950 0.0292470120 -0.9961299639 -0.0871522949 -0.0080452592 0.0000000000 0.0000000000 0.0820330357
-0.7155889869 -0.0150093418 -0.0001797229 0.1027887687 -0.0022594889 0.1795276928 -0.2305564669 -0.1475459566 -0.0327704541 -0.0616057313 -0.0055028186 -0.9915953670 -0.1290838420 -0.0087172152 0.1293387659 -0.9906991570 -0.0422689487 -0.0031798994 -0.0430411676 0.9990682390 -0.0733984797 -0.2234629872 0.2140812921 -0.0039779516 -0.0000943636 -0.0034464339 0.0421730168 0.0051545803 0.2275364697 -0.2287022769 -0.1229698285 0.3216631413 -0.0345869437 0.0298142340 -0.9961061011 -0.0876132427 -0.0069449645 0.0000000000 0.0000000000 0.0836135527
-0.7161450982 -0.0145231700 -0.0003922879 0.1025376916 -0.0021649564 0.1793633951 -0.2308711858 -0.1475655279 -0.0329108250 -0.0638365996 -0.0028691703 -0.9914596275 -0.1301907508 -0.0076272805 0.1303985276 -0.9905456111 -0.0426100495 -0.0020077349 -0.0432407300 0.9990626648 -0.0678037323 -0.2297615272 0.2132496454 -0.0042142235 -0.0001048414 -0.0035688251 0.0428261831 0.0053658159 0.2291572541 -0.2288783938 -0.1228193417 0.3266454935 -0.0358636864 0.0303810891 -0.9960791284 -0.0880834765 -0.0058141064 0.0000000000 0.0000000000 0.0851758460
-0.7166836262 -0.0140241357 -0.0005943179 0.1022736877 -0.0020723313 0.1791985792 -0.2311970753 -0.1475722381 -0.0329898371 -0.0660727060 -0.0003374751 -0.9913219857 -0.1312950160 -0.0065068754 0.1314536682 -0.9903925460 -0.0429247944 -0.0008085493 -0.0434076450 0.9990571168 -0.0623379282 -0.2357905769 0.2124519870 -0.0044593480 -0.0001160554 -0.0036920211 0.0434675030 0.0055802348 0.2308028340 -0.2290609479 -0.1226660162 0.3315749466 -0.0371609852 0.0309475772 -0.9960488279 -0.0885628094 -0.0046540458 0.0000000000 0.0000000000 0.0867197188
-0.7172042131 -0.0135133276 -0.0007861553 0.1019969583 -0.0019819711 0.1790335552 -0.2315341571 -0.1475665874 -0.0330063669 -0.0683124855 0.0020954719 -0.9911823283 -0.1323967197 -0.0053573077 0.1325044104 -0.9902399423 -0.0432138631 0.0004163536 -0.0435426844 0.9990514808 -0.0570055704 -0.2415554115 0.2116874209 -0.0047134510 -0.0001280296 -0.0038159736 0.0440972485 0.0057977783 0.2324729115 -0.2292500436 -0.1225098670 0.3364510834 -0.0384786986 0.0315136872 -0.9960149895 -0.0890510522 -0.0034661151 0.0000000000 0.0000000000 0.0882450581
-0.7177067995 -0.0129922917 -0.0009683517 0.1017081141 -0.0019154525 0.1788686387 -0.2318824448 -0.1475490598 -0.0329593534 -0.0705544260 0.0044329107 -0.9910405458 -0.1334959379 -0.0041798601 0.1335509719 -0.9900877766 -0.0434779556 0.0016657020 -0.0436466412 0.9990456427 -0.0518107704 -0.2470612388 0.2109549568 -0.0049766558 -0.0001407875 -0.0039406354 0.0447156616 0.0060183890 0.2341672480 -0.2294457704 -0.1223508865 0.3412736058 -0.0398166887 0.0320794135 -0.9959774113 -0.0895480145 -0.0022516173 0.0000000000 0.0000000000 0.0897518301
-0.7181910276 -0.0124618961 -0.0011412050 0.1014073715 -0.0018554309 0.1787041506 -0.2322419448 -0.1475201230 -0.0328477954 -0.0727970678 0.0066780974 -0.9908965351 -0.1345927239 -0.0029757903 0.1345935486 -0.9899360240 -0.0437177896 0.0029382544 -0.0437203285 0.9990394885 -0.0467571393 -0.2523129862 0.2102469044 -0.0052490821 -0.0001543522 -0.0040659625 0.0453229807 0.0062420079 0.2358855605 -0.2296482325 -0.1221890748 0.3460421562 -0.0411748216 0.0326447487 -0.9959358998 -0.0900535056 -0.0010118277 0.0000000000 0.0000000000 0.0912400762
-0.7186571360 -0.0119235897 -0.0013050430 0.1010950878 -0.0017952303 0.1785404164 -0.2326126566 -0.1474802285 -0.0326707487 -0.0750390051 0.0088343362 -0.9907502016 -0.1356870973 -0.0017463317 0.1356323025 -0.9897846601 -0.0439340992 0.0042327980 -0.0437645766 0.9990329050 -0.0418479703 -0.2573154099 0.2095593065 -0.0055308468 -0.0001687463 -0.0041919132 0.0459194072 0.0064685815 0.2376275808 -0.2298575491 -0.1220244393 0.3507564366 -0.0425529517 0.0332096852 -0.9958902704 -0.0905673348 0.0002520050 0.0000000000 0.0000000000 0.0927099081
-0.7191053033 -0.0113784308 -0.0014600147 0.1007717550 -0.0017347318 0.1783777662 -0.2329945723 -0.1474298111 -0.0324273241 -0.0772788823 0.0109049038 -0.9906014554 -0.1367790695 -0.0004926953 0.1366673869 -0.9896336582 -0.0441276320 0.0055481486 -0.0437802319 0.9990257801 -0.0370861083 -0.2620731837 0.2088916466 -0.0058220648 -0.0001839919 -0.0043184478 0.0465051271 0.0066980543 0.2393930405 -0.2300737947 -0.1218569726 0.3554160595 -0.0439509489 0.0337742195 -0.9958403475 -0.0910893124 0.0015386580 0.0000000000 0.0000000000 0.0941615039
-0.7195352316 -0.0108272899 -0.0016064779 0.1004376188 -0.0016744122 0.1782165345 -0.2333876779 -0.1473692895 -0.0321166852 -0.0795153939 0.0128930369 -0.9904502109 -0.1378686518 0.0007839302 0.1376989540 -0.9894829880 -0.0442991481 0.0068831494 -0.0437681542 0.9990180033 -0.0324740296 -0.2665910351 0.2082439844 -0.0061228471 -0.0002001103 -0.0044455295 0.0470803306 0.0069303717 0.2411816567 -0.2302970886 -0.1216866970 0.3600207865 -0.0453686677 0.0343383364 -0.9957859644 -0.0916192502 0.0028469338 0.0000000000 0.0000000000 0.0955951038
-0.7199472189 -0.0102712214 -0.0017449838 0.1000932008 -0.0016142116 0.1780570596 -0.2337919526 -0.1472990660 -0.0317380455 -0.0817472868 0.0148020032 -0.9902963869 -0.1389558558 0.0020823781 0.1387271545 -0.9893326164 -0.0444494175 0.0082366714 -0.0437292152 0.9990094659 -0.0280139209 -0.2708735657 0.2076162610 -0.0064333007 -0.0002171226 -0.0045731221 0.0476452038 0.0071654823 0.2429931462 -0.2305275202 -0.1215135902 0.3645702004 -0.0468059778 0.0349020399 -0.9957269643 -0.0921569622 0.0041756604 0.0000000000 0.0000000000 0.0970110056
-0.7203416228 -0.0097113997 -0.0018756666 0.0997389257 -0.0015544879 0.1778996839 -0.2342073699 -0.1472195268 -0.0312906674 -0.0839733576 0.0166350327 -0.9901399063 -0.1400406931 0.0034015029 0.1397521367 -0.9891825077 -0.0445792194 0.0096076119 -0.0436642969 0.9990000615 -0.0237076247 -0.2749250674 0.2070084181 -0.0067535322 -0.0002350489 -0.0047011925 0.0481999330 0.0074033327 0.2448272556 -0.2307651788 -0.1213376746 0.3690640628 -0.0482627377 0.0354653187 -0.9956631994 -0.0927022647 0.0055236898 0.0000000000 0.0000000000 0.0984095608
-0.7207183838 -0.0091483649 -0.0019984965 0.0993752256 -0.0014953006 0.1777447530 -0.2346338970 -0.1471310420 -0.0307738598 -0.0861924506 0.0183952873 -0.9899806968 -0.1411231753 0.0047401789 0.1407740468 -0.9890326236 -0.0446893401 0.0109948931 -0.0435742899 0.9989896864 -0.0195566023 -0.2787498728 0.2064203089 -0.0070836423 -0.0002539090 -0.0048297090 0.0487447008 0.0076438729 0.2466837019 -0.2310101837 -0.1211589426 0.3735020459 -0.0497388057 0.0360281654 -0.9955945318 -0.0932549776 0.0068898970 0.0000000000 0.0000000000 0.0997911696
-0.7215023041 -0.0087035932 -0.0019748185 0.0990571901 -0.0014368286 0.1775926162 -0.2350714957 -0.1470339660 -0.0301869768 -0.0884034601 0.0200859194 -0.9898186906 -0.1422033144 0.0060973017 0.1417930274 -0.9888829242 -0.0447805715 0.0123974632 -0.0434600918 0.9989782397 -0.0155621290 -0.2823525205 0.2058517568 -0.0074237301 -0.0002737219 -0.0049586412 0.0492796898 0.0078870542 0.2485621870 -0.2312626094 -0.1209773943 0.3778838515 -0.0512340516 0.0365905687 -0.9955208330 -0.0938149241 0.0082731809 0.0000000000 0.0000000000 0.1011562781
-0.7228990793 -0.0084221233 -0.0017702561 0.0988258943 -0.0013788333 0.1774436236 -0.2355201158 -0.1469287919 -0.0295302210 -0.0906026479 0.0216483528 -0.9896538197 -0.1432811372 0.0074721363 0.1428092192 -0.9887333708 -0.0448536330 0.0138146301 -0.0433224792 0.9989656244 -0.0116941745 -0.2858767887 0.2053025340 -0.0077738920 -0.0002945058 -0.0050879624 0.0498050712 0.0081328237 0.2504624426 -0.2315225452 -0.1207930371 0.3822091818 -0.0527483374 0.0371525325 -0.9954419763 -0.0943819452 0.0096728081 0.0000000000 0.0000000000 0.1025050062
-0.7241739035 -0.0080696866 -0.0016782267 0.0986090675 -0.0013214938 0.1772981216 -0.2359796818 -0.1468164574 -0.0288047137 -0.0927843765 0.0229786894 -0.9894860043 -0.1443567121 0.0088649326 0.1438227626 -0.9885839330 -0.0449090239 0.0152466489 -0.0431618715 0.9989517469 -0.0079025184 -0.2895387618 0.2047724535 -0.0081342198 -0.0003162781 -0.0052176490 0.0503210239 0.0083811367 0.2523841858 -0.2317901254 -0.1206058711 0.3864777386 -0.0542815216 0.0377140380 -0.9953578160 -0.0949559227 0.0110890199 0.0000000000 0.0000000000 0.1038370211
-0.7253148556 -0.0076472312 -0.0016821309 0.0984036922 -0.0012647503 0.1771564534 -0.2364501003 -0.1466981901 -0.0280104101 -0.0949473660 0.0240723273 -0.9893151552 -0.1454301226 0.0102763407 0.1448337975 -0.9884345841 -0.0449471257 0.0166941566 -0.0429785112 0.9989365109 -0.0041928979 -0.2932738237 0.2042612649 -0.0085048014 -0.0003390557 -0.0053476803 0.0508277193 0.0086319447 0.2543271184 -0.2320653945 -0.1204158962 0.3906892538 -0.0558334738 0.0382750891 -0.9952681905 -0.0955367530 0.0125224531 0.0000000000 0.0000000000 0.1051525173
-0.7263255715 -0.0071665389 -0.0017443878 0.0982017592 -0.0012086624 0.1770189644 -0.2369312774 -0.1465751030 -0.0271467998 -0.0970915933 0.0249530849 -0.9891411903 -0.1465014224 0.0117063628 0.1458424598 -0.9882852917 -0.0449684239 0.0181571642 -0.0427728356 0.9989198176 -0.0005862092 -0.2969596234 0.2037687357 -0.0088857254 -0.0003628539 -0.0054780450 0.0513253398 0.0088852001 0.2562909722 -0.2323484868 -0.1202231199 0.3948434293 -0.0574040525 0.0388356671 -0.9951729498 -0.0961243067 0.0139731030 0.0000000000 0.0000000000 0.1064520005
-0.7272125483 -0.0066394685 -0.0018392780 0.0979984775 -0.0011531110 0.1768860028 -0.2374231194 -0.1464481890 -0.0262132904 -0.0992170574 0.0256446799 -0.9889640363 -0.1475706414 0.0131544925 0.1468488813 -0.9881360180 -0.0449735040 0.0196351966 -0.0425454555 0.9989015684 0.0028985127 -0.3005117511 0.2032946415 -0.0092770727 -0.0003876877 -0.0056087351 0.0518140495 0.0091408594 0.2582754791 -0.2326394767 -0.1200275421 0.3989399970 -0.0589931197 0.0393957756 -0.9950719591 -0.0967184359 0.0154404640 0.0000000000 0.0000000000 0.1077360967
-0.7279833555 -0.0060756202 -0.0019501423 0.0977905542 -0.0010981555 0.1767579202 -0.2379255324 -0.1463183256 -0.0252092451 -0.1013237415 0.0261697488 -0.9887836286 -0.1486377953 0.0146199038 0.1478531889 -0.9879867205 -0.0449630374 0.0211274776 -0.0422971159 0.9988816665 0.0062451941 -0.3038783171 0.2028388152 -0.0096789263 -0.0004135706 -0.0057397475 0.0522940084 0.0093988758 0.2602802813 -0.2329384536 -0.1198291630 0.4029786885 -0.0606005453 0.0399554074 -0.9949650996 -0.0973189835 0.0169237169 0.0000000000 0.0000000000 0.1090055199
-0.7286471725 -0.0054839747 -0.0020666539 0.0975762680 -0.0010436174 0.1766350711 -0.2384384223 -0.1461862809 -0.0241340044 -0.1034116064 0.0265495873 -0.9885999106 -0.1497028918 0.0161015798 0.1488555053 -0.9878373528 -0.0449377670 0.0226330557 -0.0420286636 0.9988600183 0.0094405384 -0.3070291829 0.2024011053 -0.0100913588 -0.0004405157 -0.0058710836 0.0527653731 0.0096592065 0.2623051405 -0.2332455069 -0.1196279898 0.4069592357 -0.0622261874 0.0405145474 -0.9948522679 -0.0979257901 0.0184218573 0.0000000000 0.0000000000 0.1102610569
-0.7292128205 -0.0048713894 -0.0021827782 0.0973546430 -0.0009896156 0.1765178136 -0.2389616950 -0.1460527214 -0.0229869056 -0.1054805809 0.0268038772 -0.9884128335 -0.1507659343 0.0175983973 0.1498559482 -0.9876878657 -0.0448984927 0.0241508866 -0.0417410219 0.9988365341 0.0124740325 -0.3099483422 0.2019814347 -0.0105144456 -0.0004685347 -0.0060027484 0.0532283112 0.0099218087 0.2643497884 -0.2335607409 -0.1194240153 0.4108813703 -0.0638699159 0.0410731956 -0.9947333752 -0.0985386976 0.0199337793 0.0000000000 0.0000000000 0.1115035466
-0.7296887636 -0.0042444360 -0.0022951474 0.0971253663 -0.0009359714 0.1764065088 -0.2394952555 -0.1459182200 -0.0217672932 -0.1075305643 0.0269506802 -0.9882223555 -0.1518269256 0.0191091799 0.1508546308 -0.9875382075 -0.0448460591 0.0256798846 -0.0414351699 0.9988111284 0.0153375027 -0.3126285258 0.2015797241 -0.0109482566 -0.0004976387 -0.0061347485 0.0536829568 0.0101866396 0.2664138675 -0.2338842303 -0.1192172542 0.4147448540 -0.0655315816 0.0416313410 -0.9946083467 -0.0991575525 0.0214583287 0.0000000000 0.0000000000 0.1127338698
-0.7300829887 -0.0036081851 -0.0024024202 0.0968884826 -0.0008828042 0.1763015213 -0.2400390087 -0.1457832640 -0.0204745272 -0.1095614307 0.0270065033 -0.9880284416 -0.1528858689 0.0206327317 0.1518516616 -0.9873883249 -0.0447813439 0.0272189531 -0.0411121268 0.9987837211 0.0180250316 -0.3150678638 0.2011959587 -0.0113928597 -0.0005278378 -0.0062670950 0.0541294627 0.0104536563 0.2684971392 -0.2342160791 -0.1190077066 0.4185494483 -0.0672110692 0.0421889834 -0.9944771207 -0.0997822076 0.0229943348 0.0000000000 0.0000000000 0.1139529319
