# Actions and States
# action[0], ..., state[0], ..., command[0], ...
-0.9687177539 0.3178799748 0.1099185348 0.0950187445 -0.0560673773 -0.2214895899 0.2724130997 0.0851641692 0.0000000000 0.0000000000 0.0000000000 0.2586625229 0.9659677527 0.0000000000 -0.9659677527 0.2586625229 0.0000000000 0.0000000000 0.0000000000 1.0000000000 0.0000000000 0.0000000000 0.0000000000 -0.0000079325 0.0000097563 0.0000030501 0.0017805791 0.0000044514 -0.2151890397 0.2646639645 0.0827415660 0.6210075021 -0.7637856603 -0.2387813628 0.2621008457 0.9650404897 0.0000000000 0.0000000000 0.0000000000 -0.3561171302
-0.9647488594 0.2746838331 0.0972809643 0.0981544480 -0.0526568368 -0.2214895897 0.2724130982 0.0850886379 0.0000001558 -0.0000010074 -0.0302125118 0.2586976451 0.9659582588 0.0004132217 -0.9659583447 0.2586975902 0.0001821612 0.0000690607 -0.0004462796 0.9999998980 0.0728609106 -0.1652534182 -0.0145409387 -0.0000316162 0.0000388852 0.0000119678 0.0035248576 0.0000177145 -0.2121063024 0.2608724535 0.0815562308 0.6121110916 -0.7528438568 -0.2353606373 0.2638187950 0.9645720831 0.0004122494 0.0000000000 0.0000000000 -0.3561474918
-0.9583579302 0.2241372913 0.0832879022 0.1017243862 -0.0485248640 -0.2214895850 0.2724130682 0.0848226686 0.0000017439 -0.0000112964 -0.0686221088 0.2588179695 0.9659243836 0.0018286016 -0.9659260668 0.2588168983 0.0008041101 0.0003034366 -0.0019744121 0.9999980048 0.1576468277 -0.3596221521 -0.0315465685 -0.0000708248 0.0000871083 0.0000260012 0.0051818532 0.0000394785 -0.2090677172 0.2571352720 0.0803878754 0.6033421755 -0.7420588136 -0.2319889218 0.2655364041 0.9640973871 0.0018229557 0.0000000000 0.0000000000 -0.3564083604
-0.9491328597 0.1860383153 0.0727770627 0.1045742929 -0.0450904183 -0.2214895644 0.2724129343 0.0843625181 0.0000061450 -0.0000401027 -0.1077239686 0.2590171776 0.9658637308 0.0041659745 -0.9658724751 0.2590116636 0.0018220564 0.0006808222 -0.0044957440 0.9999896623 0.2326448750 -0.5371763895 -0.0471322244 -0.0001253351 0.0001541509 0.0000441030 0.0067604790 0.0000693272 -0.2060726732 0.2534516156 0.0792362615 0.5946988463 -0.7314282656 -0.2286655158 0.2672549191 0.9636079904 0.0041502247 0.0000000000 0.0000000000 -0.3570979850
-0.9375685453 0.1527840346 0.0644082353 0.1074436232 -0.0418786295 -0.2214895087 0.2724125673 0.0837077297 0.0000152310 -0.0001007275 -0.1463444493 0.2592929671 0.9657708982 0.0073300417 -0.9657980113 0.2592761507 0.0031747446 0.0011655709 -0.0079025286 0.9999680952 0.2932011511 -0.6939404098 -0.0628110167 -0.0001949269 0.0002397414 0.0000652165 0.0082664471 0.0001068809 -0.2031205297 0.2498207390 0.0781011432 0.5861793160 -0.7209500670 -0.2253897041 0.2689759948 0.9630915852 0.0072975811 0.0000000000 0.0000000000 -0.3582962095
-0.9231840968 0.1235825717 0.0587606579 0.1104232222 -0.0387028754 -0.2214893879 0.2724117576 0.0828628509 0.0000311302 -0.0002103571 -0.1839137053 0.2596489093 0.9656378572 0.0112237488 -0.9657015712 0.2596104028 0.0047868704 0.0017085814 -0.0120816975 0.9999255539 0.3388415490 -0.8337189003 -0.0791323136 -0.0002793831 0.0003436115 0.0000882967 0.0096995179 0.0001517738 -0.2002106756 0.2462418675 0.0769822821 0.5777818561 -0.7106218934 -0.2221608311 0.2707011129 0.9625338794 0.0111673597 0.0000000000 0.0000000000 -0.3599812651
-0.9058741331 0.0994965136 0.0541026779 0.1131580546 -0.0358180888 -0.2214891582 0.2724101744 0.0818357676 0.0000573663 -0.0004000371 -0.2194506946 0.2600869739 0.9654567047 0.0157517403 -0.9655825126 0.2600132007 0.0065990089 0.0022753970 -0.0169259213 0.9998541572 0.3751541254 -0.9513681645 -0.0952881772 -0.0003784896 0.0004654952 0.0001123308 0.0110608228 0.0002036423 -0.1973425001 0.2427142709 0.0758794546 0.5695047379 -0.7004417181 -0.2189782113 0.2724313620 0.9619201492 0.0156637796 0.0000000000 0.0000000000 -0.3621325408
-0.8858073950 0.0809448734 0.0491143018 0.1153798923 -0.0334133655 -0.2214887538 0.2724072864 0.0806395499 0.0000988734 -0.0007152698 -0.2520194388 0.2606048211 0.9652216351 0.0207923632 -0.9654413058 0.2604793028 0.0085800828 0.0028657013 -0.0223098172 0.9997469979 0.4066604318 -1.0442902213 -0.1106551398 -0.0004920349 0.0006051282 0.0001363598 0.0123556750 0.0002621391 -0.1945154220 0.2392372042 0.0747924298 0.5613461137 -0.6904073358 -0.2158411890 0.2741677696 0.9612376231 0.0206645810 0.0000000000 0.0000000000 -0.3647350569
-0.8628954291 0.0648757443 0.0441714711 0.1189714372 -0.0314551517 -0.2214880812 0.2724023069 0.0792909239 0.0001613984 -0.0012098292 -0.2810430759 0.2611988267 0.9649285180 0.0262321947 -0.9652787146 0.2610024164 0.0107117549 0.0034894116 -0.0281192770 0.9995984845 0.4345185242 -1.1170737958 -0.1252609713 -0.0006198105 0.0007622468 0.0001595000 0.0135904774 0.0003269463 -0.1917288452 0.2358099520 0.0737209693 0.5533044338 -0.6805167794 -0.2127490938 0.2759114429 0.9604762062 0.0260555896 0.0000000000 0.0000000000 -0.3677425565
-0.8375566602 0.0510832071 0.0393736847 0.1231567487 -0.0298592467 -0.2214870147 0.2723941509 0.0778091450 0.0002520018 -0.0019480572 -0.3060096518 0.2618660866 0.9645741831 0.0319812112 -0.9650952858 0.2615772733 0.0129776499 0.0041523480 -0.0342633226 0.9994042139 0.4590652545 -1.1730467444 -0.1392577713 -0.0007616098 0.0009365859 0.0001809593 0.0147705823 0.0003977753 -0.1889821887 0.2324317992 0.0726648644 0.5453779697 -0.6707678437 -0.2097013146 0.2776634638 0.9596281472 0.0317460072 0.0000000000 0.0000000000 -0.3710941958
-0.8106263876 0.0398886949 0.0347031727 0.1268291175 -0.0285491236 -0.2214853895 0.2723813825 0.0762158897 0.0003790527 -0.0030035681 -0.3264657113 0.2626042963 0.9641565555 0.0379620879 -0.9648913812 0.2621995488 0.0153629150 0.0048586129 -0.0406636590 0.9991610785 0.4806181387 -1.2146544851 -0.1527672476 -0.0009172287 0.0011278779 0.0002000488 0.0159003604 0.0004743620 -0.1862748861 0.2291020453 0.0716238841 0.5375649929 -0.6611586213 -0.2066971809 0.2794248800 0.9586882405 0.0376577462 0.0000000000 0.0000000000 -0.3747257246
-0.7829915285 0.0304780956 0.0303174891 0.1300415844 -0.0274592135 -0.2214829958 0.2723621830 0.0745347191 0.0005518135 -0.0044542053 -0.3420953994 0.2634116051 0.9636745398 0.0441101766 -0.9646672207 0.2628657031 0.0178542835 0.0056106658 -0.0472546670 0.9988671167 0.4995076582 -1.2445789903 -0.1658809484 -0.0010864650 0.0013358506 0.0002161939 0.0169833712 0.0005564623 -0.1836063564 0.2258199900 0.0705978200 0.5298639536 -0.6516870260 -0.2037360966 0.2811966809 0.9576535179 0.0437254333 0.0000000000 0.0000000000 -0.3785761693
-0.7556548119 0.0222390946 0.0263091698 0.1328428537 -0.0265358966 -0.2214795759 0.2723343444 0.0727902970 0.0007800089 -0.0063770459 -0.3527430725 0.2642864941 0.9631278392 0.0503727545 -0.9644229194 0.2635728300 0.0204400564 0.0064094979 -0.0539826698 0.9985213016 0.5160447046 -1.2648378920 -0.1786659497 -0.0012691182 0.0015602253 0.0002289418 0.0180225112 0.0006438482 -0.1809760630 0.2225849479 0.0695864558 0.5222733021 -0.6423510909 -0.2008174211 0.2829797748 0.9565228229 0.0498956780 0.0000000000 0.0000000000 -0.3825898992
-0.7296189070 0.0147923911 0.0226977523 0.1352766156 -0.0257356539 -0.2214748238 0.2722952910 0.0710075371 0.0010732544 -0.0088425867 -0.3584318466 0.2652276582 0.9625169308 0.0567049136 -0.9641585171 0.2643185271 0.0231099571 0.0072555658 -0.0608019252 0.9981234807 0.5305095482 -1.2767183072 -0.1911692258 -0.0014649893 0.0018007145 0.0002379646 0.0190201420 0.0007363048 -0.1783834398 0.2193962485 0.0685895756 0.5147913098 -0.6331489682 -0.1979405582 0.2847749895 0.9552966925 0.0561229903 0.0000000000 0.0000000000 -0.3867159275
-0.7057546973 0.0079324441 0.0194497015 0.1373840570 -0.0250230040 -0.2214683872 0.2722421289 0.0692106896 0.0014404566 -0.0119090378 -0.3593675147 0.2662339097 0.9618430725 0.0630667050 -0.9638740026 0.2651007882 0.0258549656 0.0081493864 -0.0676718259 0.9976743514 0.5431482991 -1.2810416117 -0.2034213409 -0.0016738803 0.0020570210 0.0002430584 0.0199782047 0.0008336281 -0.1758279651 0.2162532359 0.0676069781 0.5074165463 -0.6240786314 -0.1951049119 0.2865830804 0.9539773105 0.0623669539 0.0000000000 0.0000000000 -0.3909071105
-0.6847033501 0.0015692400 0.0164990053 0.1392068714 -0.0243688840 -0.2214598725 0.2721717214 0.0674224765 0.0018893261 -0.0156180340 -0.3559190292 0.2673041010 0.9611083044 0.0694215009 -0.9635693316 0.2659179169 0.0286671375 0.0090918030 -0.0745552726 0.9971754361 0.5541707100 -1.2783794111 -0.2154394764 -0.0018955937 0.0023288354 0.0002441379 0.0208983030 0.0009356231 -0.1733091027 0.2131552547 0.0666384548 0.5001474619 -0.6151382327 -0.1923099011 0.2884047384 0.9525684595 0.0685906207 0.0000000000 0.0000000000 -0.3951194040
-0.6668321490 -0.0043160198 0.0137641681 0.1407864839 -0.0237497129 -0.2214488521 0.2720807794 0.0656633843 0.0024260887 -0.0199925170 -0.3485799487 0.2684370635 0.9603154263 0.0757352296 -0.9632444422 0.2667684571 0.0315394164 0.0100840177 -0.0814178873 0.9966290384 0.5637498706 -1.2692005048 -0.2272299395 -0.0021299338 0.0026158360 0.0002412268 0.0217817705 0.0010421022 -0.1708263159 0.2101016492 0.0656838119 0.4929824471 -0.6063259244 -0.1895549148 0.2902405923 0.9510754328 0.0747597734 0.0000000000 0.0000000000 -0.3993113213
-0.6522458196 -0.0097078914 0.0111613851 0.1421640217 -0.0231456533 -0.2214348720 0.2719659546 0.0639511834 0.0030554150 -0.0250369244 -0.3379199573 0.2696315613 0.9594679406 0.0819761677 -0.9628992680 0.2676511393 0.0344654504 0.0111274800 -0.0882277651 0.9960381723 0.5720238342 -1.2539619693 -0.2387903746 -0.0023767038 0.0029176869 0.0002344454 0.0226297267 0.0011528837 -0.1683790982 0.2070917785 0.0647428408 0.4859201312 -0.5976398587 -0.1868394017 0.2920912038 0.9495048902 0.0808427404 0.0000000000 0.0000000000 -0.4034436426
-0.6408355832 -0.0145811681 0.0086151464 0.1433792263 -0.0225412212 -0.2214174589 0.2718239270 0.0623006932 0.0037805347 -0.0307392485 -0.3245365150 0.2708862555 0.9585699637 0.0881150458 -0.9625337489 0.2685648377 0.0374394212 0.0122237017 -0.0949555300 0.9954064639 0.5790985899 -1.2331548394 -0.2501114437 -0.0026357085 0.0032340395 0.0002239966 0.0234431252 0.0012677915 -0.1659669429 0.2041250318 0.0638153553 0.4789589643 -0.5890782475 -0.1841627806 0.2939570554 0.9478646551 0.0868105145 0.0000000000 0.0000000000 -0.4074793302
-0.6361608505 -0.0209831782 0.0058989436 0.1443544179 -0.0219234265 -0.2213961275 0.2716514778 0.0607237691 0.0046034643 -0.0370742363 -0.3090141565 0.2721996795 0.9576261102 0.0941252757 -0.9621478416 0.2695085372 0.0404558927 0.0133740538 -0.1015745119 0.9947380325 0.5850524255 -1.2073175904 -0.2611785963 -0.0029067521 0.0035645324 0.0002101508 0.0242227893 0.0013866536 -0.1635893434 0.2012007982 0.0629011542 0.4720975161 -0.5806392431 -0.1815245152 0.2958385327 0.9461634692 0.0926369849 0.0000000000 0.0000000000 -0.4113836305
-0.6504714489 -0.0354458541 0.0022291504 0.1447089612 -0.0212818440 -0.2213704043 0.2714456896 0.0592280796 0.0055175321 -0.0439487373 -0.2924471499 0.2735701600 0.9566418281 0.0999788995 -0.9617415375 0.2704813701 0.0435091196 0.0145802140 -0.1080566573 0.9940378143 0.5897143764 -1.1753083944 -0.2719720687 -0.0031896390 0.0039087906 0.0001932283 0.0249693673 0.0015093023 -0.1612458080 0.1983184367 0.0620000474 0.4653343558 -0.5723211765 -0.1789240390 0.2977359050 0.9444116060 0.0982949609 0.0000000000 0.0000000000 -0.4150950150
-0.6625127792 -0.0449802093 -0.0023490742 0.1449709982 -0.0205957368 -0.2213399354 0.2712047405 0.0578107589 0.0064835667 -0.0510332607 -0.2778264392 0.2749954650 0.9556256759 0.1056269940 -0.9613149188 0.2714829395 0.0465901321 0.0158467997 -0.1143528802 0.9933137962 0.5920517207 -1.1302003609 -0.2824602900 -0.0034841746 0.0042664320 0.0001735623 0.0256830025 0.0016355712 -0.1589358449 0.1954773813 0.0611118488 0.4586681128 -0.5641222000 -0.1763608158 0.2996492737 0.9426251690 0.1037370279 0.0000000000 0.0000000000 -0.4184302124
-0.6721088290 -0.0501983128 -0.0076625636 0.1451928914 -0.0198048092 -0.2213045011 0.2709279731 0.0564594684 0.0074952622 -0.0582499662 -0.2655085148 0.2764727474 0.9545890196 0.1110073130 -0.9608681981 0.2725134040 0.0496865232 0.0171792288 -0.1204003664 0.9925767607 0.5919588469 -1.0748066044 -0.2925927391 -0.0037901648 0.0046370695 0.0001514489 0.0263632443 0.0017652938 -0.1566589624 0.1926770210 0.0602363758 0.4520973265 -0.5560407639 -0.1738343239 0.3015783904 0.9408254753 0.1089032627 0.0000000000 0.0000000000 -0.4213036522
-0.6797816753 -0.0526501127 -0.0132991429 0.1454385817 -0.0188924838 -0.2212638565 0.2706147012 0.0551639944 0.0085584518 -0.0656086627 -0.2550558019 0.2779990842 0.9535412883 0.1160841106 -0.9604016934 0.2735729473 0.0527866444 0.0185767727 -0.1261620152 0.9918356968 0.5896119764 -1.0141312106 -0.3023093720 -0.0041074166 0.0050203176 0.0001271289 0.0270096790 0.0018983010 -0.1544147134 0.1899167895 0.0593734458 0.4456207156 -0.5480750799 -0.1713440120 0.3035224839 0.9390300276 0.1137602254 0.0000000000 0.0000000000 -0.4236893347
-0.6859378219 -0.0534313768 -0.0189689882 0.1457493454 -0.0178673919 -0.2212177263 0.2702641881 0.0539161531 0.0096788826 -0.0731177690 -0.2461001083 0.2795714387 0.9524898607 0.1208423602 -0.9599158555 0.2746616462 0.0558796068 0.0200339973 -0.1316208397 0.9910976710 0.5851804556 -0.9516015078 -0.3115508353 -0.0044357390 0.0054157889 0.0001007978 0.0276220702 0.0020344225 -0.1522026062 0.1871960908 0.0585228764 0.4392368495 -0.5402234793 -0.1688893884 0.3054803108 0.9372522744 0.1182950410 0.0000000000 0.0000000000 -0.4255796154
-0.6908785105 -0.0532279573 -0.0244948138 0.1461459547 -0.0167446584 -0.2211658092 0.2698756655 0.0527093601 0.0108616053 -0.0807821421 -0.2383510810 0.2811866228 0.9514405091 0.1252798501 -0.9594112728 0.2757794183 0.0589552551 0.0215428138 -0.1367723295 0.9903682331 0.5788259772 -0.8892748911 -0.3202664848 -0.0047749411 0.0058230958 0.0000726150 0.0282004159 0.0021734869 -0.1500221938 0.1845143586 0.0576844923 0.4329444766 -0.5324843526 -0.1664699167 0.3074502729 0.9355024480 0.1225074685 0.0000000000 0.0000000000 -0.4269786608
-0.6948314309 -0.0524603948 -0.0297741182 0.1466368884 -0.0155418515 -0.2211077801 0.2694483492 0.0515382997 0.0121109730 -0.0886041752 -0.2315767595 0.2828413016 0.9503977952 0.1294018123 -0.9588886645 0.2769260097 0.0620041469 0.0230938770 -0.1416192646 0.9896517856 0.5707035421 -0.8283237443 -0.3284158849 -0.0051248330 0.0062418487 0.0000427114 0.0287449509 0.0023153243 -0.1478730142 0.1818710566 0.0568581186 0.4267422259 -0.5248561502 -0.1640851200 0.3094305282 0.9337883297 0.1264045272 0.0000000000 0.0000000000 -0.4278987896
-0.6979736090 -0.0513827056 -0.0347507522 0.1472229362 -0.0142770242 -0.2210432945 0.2689814481 0.0503986789 0.0134306888 -0.0965845699 -0.2255890967 0.2845320168 0.9493653694 0.1332175918 -0.9583488692 0.2781009990 0.0650175309 0.0246774469 -0.1461684977 0.9889518663 0.5609615491 -0.7693765270 -0.3359684058 -0.0054852250 0.0066716583 0.0000111945 0.0292561334 0.0024597659 -0.1457546204 0.1792656183 0.0560435839 0.4206288159 -0.5173372030 -0.1617344767 0.3114190816 0.9321158382 0.1299971700 0.0000000000 0.0000000000 -0.4283579876
-0.7004448175 -0.0501463562 -0.0393984579 0.1479002088 -0.0129677532 -0.2209719912 0.2684741714 0.0492870399 0.0148238544 -0.1047227796 -0.2202339429 0.2862552193 0.9483461912 0.1367386232 -0.9577928304 0.2793038090 0.0679873248 0.0262839022 -0.1504289995 0.9882713558 0.5497419350 -0.7127336767 -0.3429024597 -0.0058559291 0.0071121324 -0.0000218468 0.0297346339 0.0026066459 -0.1436665803 0.1766975075 0.0552407205 0.4146029949 -0.5099259615 -0.1594175100 0.3134138583 0.9304894672 0.1332982683 0.0000000000 0.0000000000 -0.4283781950
-0.7023583651 -0.0488405339 -0.0437083840 0.1486628503 -0.0116304280 -0.2208934950 0.2679257343 0.0482006126 0.0162930180 -0.1130172827 -0.2153838017 0.2880073057 0.9473426880 0.1399772244 -0.9572215818 0.2805337227 0.0709060908 0.0279040348 -0.1544106923 0.9876126280 0.5371799299 -0.6585015992 -0.3492046597 -0.0062367562 0.0075628795 -0.0000563382 0.0301813092 0.0027558026 -0.1416084468 0.1741661876 0.0544493534 0.4086635113 -0.5026208758 -0.1571337283 0.3154127605 0.9289126084 0.1363214144 0.0000000000 0.0000000000 -0.4279840420
-0.7038069963 -0.0475168563 -0.0476829782 0.1495035589 -0.0102801872 -0.2208074196 0.2673353620 0.0471371984 0.0178402124 -0.1214657309 -0.2109326336 0.2897846551 0.9463568702 0.1429458912 -0.9566362315 0.2817899016 0.0737670105 0.0295292086 -0.1581237664 0.9869776595 0.5234040749 -0.6066742387 -0.3548689263 -0.0066275187 0.0080235060 -0.0000922169 0.0305971820 0.0029070782 -0.1395798028 0.1716711223 0.0536693260 0.4028090835 -0.4954204559 -0.1548826694 0.3174137121 0.9273877899 0.1390802246 0.0000000000 0.0000000000 -0.4272019393
-0.7048677802 -0.0462027416 -0.0513305776 0.1504147798 -0.0089304456 -0.2207133700 0.2667022937 0.0460950745 0.0194669901 -0.1300650466 -0.2067919071 0.2915836625 0.9453904151 0.1456568943 -0.9560379468 0.2830714041 0.0765638584 0.0311514363 -0.1615782884 0.9863681081 0.5085360532 -0.5571825564 -0.3598956766 -0.0070280284 0.0084936181 -0.0001294292 0.0309834126 0.0030603218 -0.1375802159 0.1692118049 0.0529004745 0.3970385492 -0.4883231819 -0.1526638716 0.3194146912 0.9259168530 0.1415879455 0.0000000000 0.0000000000 -0.4260593619
-0.7056051493 -0.0449123010 -0.0546645895 0.1513888985 -0.0075928303 -0.2206109449 0.2660257860 0.0450729167 0.0211744522 -0.1388114873 -0.2028875734 0.2934007707 0.9444447270 0.1481220629 -0.9554279392 0.2843772041 0.0792909748 0.0327634050 -0.1647839904 0.9857853701 0.4926909651 -0.5099254873 -0.3642909651 -0.0074380971 0.0089728180 -0.0001679282 0.0313412771 0.0032153879 -0.1356092840 0.1667877138 0.0521426350 0.3913506866 -0.4813275933 -0.1504768431 0.3214137556 0.9245010847 0.1438572463 0.0000000000 0.0000000000 -0.4245843532
-0.7060748339 -0.0436520614 -0.0576992258 0.1524188519 -0.0062778364 -0.2204997386 0.2653051161 0.0440697333 0.0229632758 -0.1477006994 -0.1991576608 0.2952324968 0.9435209822 0.1503526820 -0.9548074509 0.2857062079 0.0819432393 0.0343584710 -0.1677501682 0.9852306210 0.4759770491 -0.4647881672 -0.3680656387 -0.0078575388 0.0094607091 -0.0002076719 0.0316721462 0.0033721370 -0.1336665750 0.1643983573 0.0513956547 0.3857443035 -0.4744322300 -0.1483211517 0.3234090604 0.9231413166 0.1459001245 0.0000000000 0.0000000000 -0.4228050605
-0.7063228488 -0.0424234085 -0.0604498386 0.1534975767 -0.0049941721 -0.2203793434 0.2645395847 0.0430848113 0.0248337315 -0.1567277304 -0.1955505483 0.2970754566 0.9426201620 0.1523594542 -0.9541777415 0.2870572697 0.0845160424 0.0359306367 -0.1704856418 0.9847048468 0.4584960256 -0.4216517855 -0.3712347349 -0.0082861641 0.0099568944 -0.0002486219 0.0319774672 0.0035304374 -0.1317517012 0.1620432287 0.0506593734 0.3802182078 -0.4676356316 -0.1461963356 0.3253988708 0.9218380018 0.1477278753 0.0000000000 0.0000000000 -0.4207494355
-0.7063893080 -0.0412250273 -0.0629331619 0.1546187848 -0.0037492339 -0.2202493512 0.2637285190 0.0421176689 0.0267857112 -0.1658870984 -0.1920232411 0.2989263840 0.9417430778 0.1541524972 -0.9535400765 0.2884292070 0.0870052594 0.0374745182 -0.1729987515 0.9842088663 0.4403433154 -0.3803999693 -0.3738167584 -0.0087237870 0.0104609765 -0.0002907419 0.0322587416 0.0036901655 -0.1298642606 0.1597218364 0.0499336384 0.3747712970 -0.4609363973 -0.1441019624 0.3273815712 0.9205912747 0.1493510977 0.0000000000 0.0000000000 -0.4184449852
-0.7063092589 -0.0400552750 -0.0651640072 0.1557765752 -0.0025492255 -0.2201093557 0.2628712751 0.0411680167 0.0288187464 -0.1751728211 -0.1885401619 0.3007821481 0.9408903902 0.1557413656 -0.9528957158 0.2898208124 0.0894072231 0.0389853079 -0.1752973767 0.9837433484 0.4216079345 -0.3409226013 -0.3758330771 -0.0091702184 0.0109725520 -0.0003339967 0.0325175114 0.0038512032 -0.1280038506 0.1574337035 0.0492183045 0.3694024384 -0.4543331265 -0.1420376003 0.3293556697 0.9194009975 0.1507797243 0.0000000000 0.0000000000 -0.4159185285
-0.7061119676 -0.0389107019 -0.0671578348 0.1569654495 -0.0013989201 -0.2199589539 0.2619672402 0.0402357234 0.0309320242 -0.1845784368 -0.1850722007 0.3026397659 0.9400626245 0.1571350825 -0.9522459047 0.2912308663 0.0917186978 0.0404587336 -0.1773889640 0.9833088255 0.4023730700 -0.3031162887 -0.3773074066 -0.0096252719 0.0114912242 -0.0003783515 0.0327553339 0.0040134429 -0.1261701137 0.1551783532 0.0485132150 0.3641104698 -0.4478244781 -0.1400028020 0.3313198013 0.9182667984 0.1520230599 0.0000000000 0.0000000000 -0.4131960844
-0.7058234811 -0.0377888568 -0.0689292550 0.1581808329 -0.0003024936 -0.2197977479 0.2610158356 0.0393207865 0.0331244120 -0.1940970674 -0.1815956976 0.3044964130 0.9392601826 0.1583421735 -0.9515918647 0.2926581461 0.0939368544 0.0418910201 -0.1792805594 0.9829057043 0.3827162343 -0.2668860245 -0.3782652411 -0.0100887585 0.0120165898 -0.0004237713 0.0329737775 0.0041767824 -0.1243626252 0.1529553086 0.0478182249 0.3588943183 -0.4414090514 -0.1379971653 0.3332727282 0.9171881025 0.1530898242 0.0000000000 0.0000000000 -0.4103027438
-0.7054659128 -0.0366869047 -0.0704915822 0.1594178528 0.0007373689 -0.2196253463 0.2600165176 0.0384233072 0.0353944730 -0.2037214464 -0.1780917676 0.3063494310 0.9384833531 0.1593707062 -0.9509347860 0.2941014349 0.0960592459 0.0432788499 -0.1809788437 0.9825342738 0.3627094745 -0.2321445194 -0.3787335329 -0.0105604921 0.0125482483 -0.0004702196 0.0331744142 0.0043411292 -0.1225810423 0.1507641077 0.0471331961 0.3537528813 -0.4350855350 -0.1360202432 0.3352133389 0.9161641572 0.1539881977 0.0000000000 0.0000000000 -0.4072625688
-0.7050582170 -0.0356026925 -0.0718585402 0.1606724858 0.0017184598 -0.2194413659 0.2589687803 0.0375434686 0.0377404881 -0.2134439681 -0.1745456193 0.3081963333 0.9377323202 0.1602283239 -0.9502758209 0.2955595294 0.0980837842 0.0446193265 -0.1824901646 0.9821947136 0.3424198369 -0.1988119814 -0.3787401655 -0.0110402834 0.0130857993 -0.0005176589 0.0333587974 0.0045063975 -0.1208249778 0.1486043036 0.0464579761 0.3486851156 -0.4288526177 -0.1340716630 0.3371406459 0.9151940543 0.1547258634 0.0000000000 0.0000000000 -0.4040985583
-0.7046172619 -0.0345335454 -0.0730422288 0.1619410962 0.0026392876 -0.2192454326 0.2578721564 0.0366815170 0.0401604770 -0.2232567386 -0.1709459593 0.3100348074 0.9370071707 0.1609222801 -0.9496160780 0.2970312456 0.1000087172 0.0459099398 -0.1838205679 0.9818870995 0.3219093424 -0.1668156276 -0.3783136758 -0.0115279453 0.0136288404 -0.0005660496 0.0335284658 0.0046725096 -0.1190940663 0.1464754343 0.0457924306 0.3436899483 -0.4227089882 -0.1321509778 0.3390537827 0.9142767485 0.1553100478 0.0000000000 0.0000000000 -0.4008325589
-0.7041568756 -0.0334782898 -0.0740538910 0.1632202268 0.0034993149 -0.2190371832 0.2567262192 0.0358377459 0.0426522147 -0.2331516056 -0.1672845809 0.3118627172 0.9363079007 0.1614594705 -0.9489566173 0.2985154243 0.1018326076 0.0471485327 -0.1849758266 0.9816114096 0.3012355128 -0.1360895778 -0.3774829852 -0.0120232897 0.0141769685 -0.0006153504 0.0336849131 0.0048393961 -0.1173879579 0.1443770677 0.0451364219 0.3387663364 -0.4166533649 -0.1302578151 0.3409519995 0.9134110736 0.1557475600 0.0000000000 0.0000000000 -0.3974852800
-0.7036893964 -0.0324349441 -0.0749048889 0.1645068377 0.0042982432 -0.2188162662 0.2555305831 0.0350124816 0.0452132559 -0.2431202185 -0.1635558549 0.3136781024 0.9356344217 0.1618464615 -0.9482984462 0.3000109354 0.1035543123 0.0483332708 -0.1859614682 0.9813675292 0.2804516419 -0.1065733839 -0.3762770423 -0.0125261303 0.0147297839 -0.0006655174 0.0338296108 0.0050069932 -0.1157062873 0.1423087567 0.0444898084 0.3339132369 -0.4106844962 -0.1283917874 0.3428346586 0.9125957562 0.1560448270 0.0000000000 0.0000000000 -0.3940762782
-0.7032251358 -0.0314026102 -0.0756049082 0.1657981873 0.0050363117 -0.2185823429 0.2542849049 0.0342060719 0.0478409524 -0.2531540617 -0.1597564099 0.3154791765 0.9349865656 0.1620895162 -0.9476425164 0.3015166809 0.1051729633 0.0494626148 -0.1867827969 0.9811552561 0.2596069091 -0.0782123695 -0.3747246692 -0.0130362762 0.0152868852 -0.0007165046 0.0339639820 0.0051752459 -0.1140487045 0.1402700841 0.0438524596 0.3291296959 -0.4048011303 -0.1265524775 0.3447012299 0.9118294288 0.1562079252 0.0000000000 0.0000000000 -0.3906239377
-0.7027722597 -0.0303800106 -0.0761638582 0.1670916080 0.0057145329 -0.2183350885 0.2529888842 0.0334188756 0.0505324739 -0.2632444991 -0.1558847922 0.3172643249 0.9343640906 0.1621946186 -0.9469897213 0.3030315979 0.1066879488 0.0505352938 -0.1874449167 0.9809743051 0.2387468146 -0.0509564497 -0.3728543753 -0.0135535449 0.0158478729 -0.0007682634 0.0340894051 0.0053441068 -0.1124148741 0.1382606030 0.0432242379 0.3244146705 -0.3990020752 -0.1247395128 0.3465512856 0.9111106408 0.1562426114 0.0000000000 0.0000000000 -0.3871455048
-0.7023389339 -0.0293670390 -0.0765906423 0.1683851033 0.0063336240 -0.2180741928 0.2516422642 0.0326512537 0.0532848327 -0.2733828315 -0.1519410901 0.3190321005 0.9337666852 0.1621674950 -0.9463408938 0.3045546607 0.1080988960 0.0515502814 -0.1879527500 0.9808243126 0.2179132747 -0.0247601921 -0.3706940742 -0.0140777435 0.0164123457 -0.0008207426 0.0342072062 0.0055135335 -0.1108044460 0.1362799257 0.0426050201 0.3197671771 -0.3932860494 -0.1229525283 0.3483844945 0.9104378684 0.1561543493 0.0000000000 0.0000000000 -0.3836570840
-0.7019306421 -0.0283629652 -0.0768935755 0.1696763039 0.0068952539 -0.2177993609 0.2502448316 0.0319035627 0.0560948931 -0.2835603011 -0.1479268604 0.3207812195 0.9331939733 0.1620136335 -0.9456968055 0.3060848818 0.1094056544 0.0525067735 -0.1883110548 0.9807048411 0.1971448477 0.0004183765 -0.3682711168 -0.0146086877 0.0169799067 -0.0008738890 0.0343186632 0.0056834910 -0.1092170924 0.1343276054 0.0419946723 0.3151862919 -0.3876519501 -0.1211911440 0.3502006171 0.9098095243 0.1559483346 0.0000000000 0.0000000000 -0.3801736548
-0.7015521526 -0.0273669772 -0.0770801157 0.1709635705 0.0074009141 -0.2175103141 0.2487964170 0.0311761476 0.0589593994 -0.2937681576 -0.1438447501 0.3225105560 0.9326455187 0.1617383000 -0.9450581655 0.3076213133 0.1106082795 0.0534041680 -0.1885244388 0.9806153837 0.1764770188 0.0246176683 -0.3656120206 -0.0151461912 0.0175501555 -0.0009276466 0.0344249979 0.0058539505 -0.1076524779 0.1324032694 0.0413930677 0.3106710017 -0.3820985556 -0.1194549873 0.3519994995 0.9092239664 0.1556295160 0.0000000000 0.0000000000 -0.3767091119
-0.7012077570 -0.0263800491 -0.0771575570 0.1722448468 0.0078523932 -0.2172067901 0.2472968947 0.0304693376 0.0618749937 -0.3039976921 -0.1396983026 0.3242191362 0.9321208294 0.1613465557 -0.9444256202 0.3091630473 0.1117070189 0.0542420463 -0.1885973741 0.9805553686 0.1559425658 0.0478726437 -0.3627424545 -0.0156900659 0.0181226972 -0.0009819572 0.0345273763 0.0060248887 -0.1061102748 0.1305064857 0.0408000797 0.3062204123 -0.3766247034 -0.1177437082 0.3537810683 0.9086795055 0.1552026172 0.0000000000 0.0000000000 -0.3732763221
-0.7009001970 -0.0254012458 -0.0771331787 0.1735188663 0.0082517779 -0.2168885438 0.2457461822 0.0297834416 0.0648382294 -0.3142402529 -0.1354918681 0.3259061323 0.9316193619 0.1608432700 -0.9437997538 0.3107092157 0.1127022980 0.0550201567 -0.1885342087 0.9805241631 0.1355714977 0.0702163514 -0.3596871639 -0.0162401274 0.0186971389 -0.0010367604 0.0346269011 0.0061962898 -0.1045901626 0.1286368817 0.0402155891 0.3018335700 -0.3712292612 -0.1160569414 0.3555453255 0.9081744126 0.1546721544 0.0000000000 0.0000000000 -0.3698871097
-0.7006324530 -0.0244310014 -0.0770128071 0.1747843772 0.0086010359 -0.2165553475 0.2441442401 0.0291187449 0.0678455926 -0.3244872910 -0.1312303701 0.3275708556 0.9311405253 0.1602331324 -0.9431810884 0.3122589905 0.1135947069 0.0557383989 -0.1883391756 0.9805210787 0.1153912689 0.0916787612 -0.3564698601 -0.0167961866 0.0192730874 -0.0010919936 0.0347246267 0.0063681412 -0.1030918360 0.1267940700 0.0396394692 0.2975095809 -0.3659111261 -0.1143943369 0.3572923425 0.9077069268 0.1540424519 0.0000000000 0.0000000000 -0.3665523048
-0.7004059553 -0.0234699734 -0.0768026412 0.1760399044 0.0089023737 -0.2162069914 0.2424910713 0.0284755067 0.0708935123 -0.3347303640 -0.1269192885 0.3292127505 0.9306836853 0.1595206656 -0.9425700848 0.3138115832 0.1143849877 0.0563968093 -0.1880164037 0.9805453747 0.0954271358 0.1122879173 -0.3531132392 -0.0173580628 0.0198501479 -0.0011475924 0.0348215438 0.0065404363 -0.1016149670 0.1249776483 0.0390716046 0.2932475209 -0.3606691957 -0.1127555519 0.3590222555 0.9072752604 0.1533176596 0.0000000000 0.0000000000 -0.3632818037
-0.7002214193 -0.0225178078 -0.0765081793 0.1772842109 0.0091581168 -0.2158432833 0.2407867207 0.0278539576 0.0739783801 -0.3449611787 -0.1225644505 0.3308313865 0.9302481687 0.1587102340 -0.9419671444 0.3153662444 0.1150740231 0.0569955489 -0.1875699245 0.9805962629 0.0757021005 0.1320703720 -0.3496389234 -0.0179255679 0.0204279348 -0.0012034904 0.0349185877 0.0067131734 -0.1001592577 0.1231872514 0.0385118760 0.2890465558 -0.3555023372 -0.1111402512 0.3607352604 0.9068776065 0.1525017642 0.0000000000 0.0000000000 -0.3600845709
-0.7000797391 -0.0215752311 -0.0761347637 0.1785164028 0.0093704108 -0.2154640495 0.2390312739 0.0272542983 0.0770965683 -0.3551716223 -0.1181718777 0.3324264520 0.9298332666 0.1578060530 -0.9413726097 0.3169222627 0.1156628253 0.0575348913 -0.1870036786 0.9806729121 0.0562372050 0.1510505591 -0.3460674117 -0.0184985176 0.0210060608 -0.0012596197 0.0350166410 0.0068863546 -0.0987244025 0.1214224994 0.0379601642 0.2849057317 -0.3504095078 -0.1095480844 0.3624316074 0.9065121445 0.1515986020 0.0000000000 0.0000000000 -0.3569687043
-0.6999813318 -0.0206427146 -0.0756869912 0.1797355562 0.0095416391 -0.2150691342 0.2372248567 0.0266766989 0.0802444381 -0.3653537646 -0.1137477897 0.3339977469 0.9294382386 0.1568121987 -0.9407867666 0.3184789642 0.1161525253 0.0580152120 -0.1863215232 0.9807744517 0.0370515742 0.1692516098 -0.3424181330 -0.0190767311 0.0215841420 -0.0013159108 0.0351165272 0.0070599867 -0.0973101035 0.1196830347 0.0374163575 0.2808242440 -0.3453896344 -0.1079787239 0.3641115971 0.9061770450 0.1506118716 0.0000000000 0.0000000000 -0.3539414545
-0.6999257803 -0.0197205525 -0.0751698688 0.1809408367 0.0096741281 -0.2146584001 0.2353676338 0.0261212980 0.0834183506 -0.3754998710 -0.1092985455 0.3355451755 0.9290623166 0.1557326142 -0.9402098461 0.3200357114 0.1165443638 0.0584369786 -0.1855272363 0.9808999766 0.0181626542 0.1866955817 -0.3387093937 -0.0196600240 0.0221617930 -0.0013722926 0.0352190137 0.0072340826 -0.0959160626 0.1179684848 0.0368803404 0.2768012285 -0.3404416442 -0.1064318493 0.3657755753 0.9058704759 0.1495451420 0.0000000000 0.0000000000 -0.3510092789
-0.6999131441 -0.0188097749 -0.0745873824 0.1821313649 0.0097700823 -0.2142317276 0.2334598080 0.0255882022 0.0866146830 -0.3856024304 -0.1048305110 0.3370687396 0.9287047080 0.1545711164 -0.9396420262 0.3215919021 0.1168396812 0.0588007427 -0.1846245211 0.9810485507 -0.0004138141 0.2034031966 -0.3349583842 -0.0202482156 0.0227386393 -0.0014286935 0.0353248119 0.0074086552 -0.0945419893 0.1162784994 0.0363520011 0.2728358507 -0.3355645835 -0.1049071327 0.3674239289 0.9055906070 0.1484018626 0.0000000000 0.0000000000 -0.3481778592
-0.6999423504 -0.0179105178 -0.0739438310 0.1833065748 0.0098317675 -0.2137890156 0.2315016191 0.0250774863 0.0898298335 -0.3956541491 -0.1003500993 0.3385685315 0.9283646001 0.1533314018 -0.9390834343 0.3231469682 0.1170399097 0.0591071314 -0.1836170097 0.9812192114 -0.0186635945 0.2193946705 -0.3311812282 -0.0208411254 0.0233143028 -0.0014850402 0.0354345925 0.0075837239 -0.0931876078 0.1146127209 0.0358312316 0.2689272761 -0.3307573795 -0.1034042612 0.3690570816 0.9053356153 0.1471853704 0.0000000000 0.0000000000 -0.3454521480
-0.7000123262 -0.0170234311 -0.0732429996 0.1844657063 0.0098615075 -0.2133301807 0.2294933425 0.0245891932 0.0930602360 -0.4056479792 -0.0958636293 0.3400447272 0.9280411627 0.1520170510 -0.9385341491 0.3247003749 0.1171465644 0.0593568404 -0.1825082651 0.9814109734 -0.0365738760 0.2346891311 -0.3273929816 -0.0214385707 0.0238884091 -0.0015412585 0.0355489589 0.0077593084 -0.0918526277 0.1129708141 0.0353179239 0.2650747001 -0.3260190189 -0.1019229144 0.3706754899 0.9051036892 0.1458988967 0.0000000000 0.0000000000 -0.3428364063
-0.7001222372 -0.0161493905 -0.0724886730 0.1856082529 0.0098613286 -0.2128551571 0.2274352881 0.0241233344 0.0963023698 -0.4155771261 -0.0913772869 0.3414975799 0.9277335520 0.1506315351 -0.9379942034 0.3262516193 0.1171612359 0.0595506273 -0.1813017853 0.9816228326 -0.0541331770 0.2493049720 -0.3236076175 -0.0220403764 0.0244605951 -0.0015972746 0.0356684849 0.0079354346 -0.0905367658 0.1113524213 0.0348119661 0.2612772882 -0.3213485479 -0.1004627943 0.3722796393 0.9048930328 0.1445455745 0.0000000000 0.0000000000 -0.3403342373
-0.7002709508 -0.0152882570 -0.0716838911 0.1867335886 0.0098334961 -0.2123638968 0.2253277991 0.0236798912 0.0995527631 -0.4254350428 -0.0868971606 0.3429274135 0.9274409135 0.1491782192 -0.9374635864 0.3278002293 0.1170855832 0.0596893058 -0.1800010046 0.9818537697 -0.0713313299 0.2632602043 -0.3198381216 -0.0226463638 0.0250304863 -0.0016530128 0.0357936844 0.0081121279 -0.0892397612 0.1097572148 0.0343132615 0.2575343251 -0.3167450130 -0.0990235880 0.3738700405 0.9047018700 0.1431284440 0.0000000000 0.0000000000 -0.3379486101
-0.7004568577 -0.0144412536 -0.0708324984 0.1878413707 0.0097799161 -0.2118563686 0.2231712507 0.0232588145 0.1028080005 -0.4352154358 -0.0824292093 0.3443346161 0.9271623850 0.1476603669 -0.9369422459 0.3293457624 0.1169213264 0.0597737398 -0.1786092958 0.9821027540 -0.0881591629 0.2765718690 -0.3160964498 -0.0232563559 0.0255977213 -0.0017083978 0.0359250233 0.0082894191 -0.0879613385 0.1081848592 0.0338216983 0.2538449466 -0.3122074008 -0.0976050049 0.3754472259 0.9045284482 0.1416504575 0.0000000000 0.0000000000 -0.3356819320
-0.7006784678 -0.0136088226 -0.0699373707 0.1889312565 0.0097027356 -0.2113325583 0.2209660485 0.0228600261 0.1060647328 -0.4449122785 -0.0779791842 0.3457196345 0.9268970997 0.1460811445 -0.9364300911 0.3308878047 0.1166702411 0.0598048389 -0.1771299726 0.9823687465 -0.1046087804 0.2892568085 -0.3123936291 -0.0238701794 0.0261619426 -0.0017633541 0.0360629372 0.0084673390 -0.0867012218 0.1066350341 0.0333371758 0.2502084076 -0.3077347875 -0.0962067395 0.3770117465 0.9043710414 0.1401144850 0.0000000000 0.0000000000 -0.3335360262
-0.7009346485 -0.0127912117 -0.0690012872 0.1900025457 0.0096038608 -0.2107924685 0.2187126278 0.0224834195 0.1093196817 -0.4545198096 -0.0735526298 0.3470829680 0.9266441889 0.1444436238 -0.9359269950 0.3324259695 0.1163341513 0.0597835536 -0.1755662893 0.9826507034 -0.1206732883 0.3013315320 -0.3087397187 -0.0244876575 0.0267227963 -0.0018178059 0.0362077989 0.0086459201 -0.0854591653 0.1051074043 0.0328595974 0.2466240078 -0.3033262491 -0.0948285088 0.3785641684 0.9042279542 0.1385233174 0.0000000000 0.0000000000 -0.3315121964
-0.7012233138 -0.0119890934 -0.0680273548 0.1910552680 0.0094851991 -0.2102361177 0.2164114517 0.0221288613 0.1125696405 -0.4640325221 -0.0691549396 0.3484251629 0.9264027846 0.1427507848 -0.9354327970 0.3339598968 0.1159149240 0.0597108710 -0.1739214422 0.9829475794 -0.1363466690 0.3128119574 -0.3051438744 -0.0251086168 0.0272799283 -0.0018716776 0.0363599658 0.0088252015 -0.0842349008 0.1036016643 0.0323888585 0.2430909276 -0.2989808917 -0.0934700221 0.3801050701 0.9040975243 0.1368796702 0.0000000000 0.0000000000 -0.3296112678
-0.7015433311 -0.0112031484 -0.0670178905 0.1920887828 0.0093484186 -0.2096635401 0.2140630102 0.0217961917 0.1158114853 -0.4734451825 -0.0647912324 0.3497468069 0.9261720220 0.1410055202 -0.9349473053 0.3354892512 0.1154144642 0.0595878113 -0.1721985715 0.9832583306 -0.1516238779 0.3237137049 -0.3016143752 -0.0257328935 0.0278329924 -0.0019248938 0.0365197398 0.0090052169 -0.0830281749 0.1021174937 0.0319248624 0.2396084666 -0.2946977615 -0.0921309888 0.3816350393 0.9039781252 0.1351861875 0.0000000000 0.0000000000 -0.3278335953
-0.7018928528 -0.0104339356 -0.0659758300 0.1931028813 0.0091951881 -0.2090747856 0.2116678185 0.0214852257 0.1190421719 -0.4827528100 -0.0604664549 0.3510485244 0.9259510420 0.1392106365 -0.9344702996 0.3370137217 0.1148347096 0.0594154244 -0.1704007605 0.9835819174 -0.1665006730 0.3340523554 -0.2981587051 -0.0263603088 0.0283816438 -0.0019773797 0.0366873927 0.0091860052 -0.0818387344 0.1006545871 0.0314675160 0.2361758947 -0.2904759943 -0.0908111483 0.3831546707 0.9038681689 0.1334454444 0.0000000000 0.0000000000 -0.3261791081
-0.7022700310 -0.0096815331 -0.0649039224 0.1940975636 0.0090274150 -0.2084699188 0.2092264162 0.0211957546 0.1222587432 -0.4919506858 -0.0561853129 0.3523309714 0.9257389935 0.1373688560 -0.9340015331 0.3385330205 0.1141776256 0.0591947865 -0.1685310358 0.9839173071 -0.1809737104 0.3438432567 -0.2947835797 -0.0269907005 0.0289255418 -0.0020290606 0.0368631594 0.0093676075 -0.0806663334 0.0992126316 0.0310167205 0.2327925116 -0.2863147259 -0.0895102099 0.3846645630 0.9037661087 0.1316599483 0.0000000000 0.0000000000 -0.3246473210
-0.7026736736 -0.0089465976 -0.0638037547 0.1950723529 0.0088466480 -0.2078490190 0.2067393653 0.0209275468 0.1254583329 -0.5010343537 -0.0519522448 0.3535948309 0.9255350350 0.1354828201 -0.9335407354 0.3400468820 0.1134452003 0.0589269968 -0.1665923679 0.9842634769 -0.1950404660 0.3531011452 -0.2914948801 -0.0276239030 0.0294643566 -0.0020798626 0.0370472334 0.0095500648 -0.0795107260 0.0977913365 0.0305723827 0.2294575870 -0.2822130322 -0.0882279053 0.3861653168 0.9036704404 0.1298321426 0.0000000000 0.0000000000 -0.3232373693
-0.7031019330 -0.0082291970 -0.0626781434 0.1960271299 0.0086541399 -0.2072121794 0.2042072497 0.0206803490 0.1286381621 -0.5099996000 -0.0477715149 0.3548408085 0.9253383370 0.1335550920 -0.9330876145 0.3415550616 0.1126394405 0.0586131749 -0.1645876724 0.9846194157 -0.2086989567 0.3618408504 -0.2882977533 -0.0282597467 0.0299977530 -0.0021297131 0.0372397937 0.0097334171 -0.0783716738 0.0963904038 0.0301344115 0.2261704355 -0.2781701386 -0.0869639814 0.3876575324 0.9035797047 0.1279644090 0.0000000000 0.0000000000 -0.3219480633
-0.7035530210 -0.0075301817 -0.0615290627 0.1969616711 0.0084515586 -0.2065595070 0.2016306734 0.0204538873 0.1317955453 -0.5188424620 -0.0436471415 0.3560696282 0.9251480836 0.1315881580 -0.9326418594 0.3430573349 0.1117623684 0.0582544581 -0.1625198093 0.9849841266 -0.2219479521 0.3700766744 -0.2851967394 -0.0288980715 0.0305254087 -0.0021785393 0.0374409817 0.0099177090 -0.0772489458 0.0950095430 0.0297027137 0.2229303718 -0.2741851211 -0.0857181549 0.3891418076 0.9034924883 0.1260590688 0.0000000000 0.0000000000 -0.3207778854
-0.7040256262 -0.0068495544 -0.0603588857 0.1978758872 0.0082400367 -0.2058911217 0.1990102597 0.0202478687 0.1349278929 -0.5275592253 -0.0395828815 0.3572820286 0.9249634736 0.1295844299 -0.9322031421 0.3445534970 0.1108160166 0.0578519991 -0.1603915839 0.9853566288 -0.2347868920 0.3778230836 -0.2821956728 -0.0295387171 0.0310469978 -0.0022262700 0.0376509055 0.0101029826 -0.0761422962 0.0936484560 0.0292771999 0.2197367251 -0.2702572346 -0.0844901800 0.3906187356 0.9034074254 0.1241183847 0.0000000000 0.0000000000 -0.3197250175
-0.7043240666 -0.0076033496 -0.0567996353 0.1958346516 0.0080211228 -0.2052071564 0.1963466496 0.0200619818 0.1380327077 -0.5361464078 -0.0355822982 0.3584787594 0.9247837229 0.1275462461 -0.9317711198 0.3460433613 0.1098024249 0.0574069636 -0.1582057456 0.9857359599 -0.2472158663 0.3850941256 -0.2792978242 -0.0301815271 0.0315622054 -0.0022728350 0.0378696509 0.0102892807 -0.0750515014 0.0923068747 0.0288577825 0.2165888399 -0.2663855851 -0.0832797959 0.3920889037 0.9033231990 0.1221445617 0.0000000000 0.0000000000 -0.3187873685
