# Actions and States
# action[0], ..., state[0], ..., command[0], ...
-0.1680089384 0.0153392516 -0.0092943469 0.0091290623 -0.0005687810 0.3761772119 -0.0600812959 0.0359980073 0.0000000000 0.0000000000 0.0000000000 -0.2221480041 -0.9750129559 0.0000000000 0.9750129559 -0.2221480041 0.0000000000 0.0000000000 0.0000000000 1.0000000000 0.0000000000 0.0000000000 0.0000000000 -0.0000000447 0.0000000001 -0.0000000048 -0.0000044629 -0.0000000112 0.3762484789 -0.0600814819 0.0360057540 0.0142333200 -0.0000559212 0.0015498758 -0.2221306304 -0.9750169142 0.0000000000 0.0000000000 0.0000000000 0.0035585629
-0.1219502762 0.0127876662 -0.0083793672 0.0083756577 -0.0003128983 0.3761772113 -0.0600812975 0.0362024495 -0.0000003833 -0.0000010847 0.0817768817 -0.2221484342 -0.9750128572 -0.0000377623 0.9750128579 -0.2221484345 0.0000043879 -0.0000126670 -0.0000358439 0.9999999993 0.0017551475 0.0151015656 -0.0001765327 -0.0000002675 0.0000000006 0.0000004821 -0.0000182604 -0.0000000680 0.3763373494 -0.0600819252 0.0360154398 0.0213073548 -0.0001256075 0.0023247902 -0.2221089667 -0.9750218480 -0.0000377621 0.0000000000 0.0000000000 0.0053276872
-0.0582699403 0.0100940093 -0.0057896771 0.0072414204 -0.0000591315 0.3761771988 -0.0600813327 0.0369347458 -0.0000047596 -0.0000134247 0.1906974249 -0.2221497420 -0.9750125462 -0.0001638348 0.9750125584 -0.2221497481 0.0000194926 -0.0000554014 -0.0001554107 0.9999999864 0.0038480283 0.0315534148 -0.0003175979 -0.0000008460 0.0000000025 0.0000032721 -0.0000418259 -0.0000002182 0.3764615059 -0.0600827858 0.0360290036 0.0283521842 -0.0002229196 0.0030996762 -0.2220786869 -0.9750287191 -0.0001638333 0.0000000000 0.0000000000 0.0070905249
0.0137381218 0.0084100841 -0.0030495876 0.0059238425 0.0001843534 0.3761771387 -0.0600815016 0.0382431756 -0.0000184564 -0.0000517426 0.3105554184 -0.2221514343 -0.9750121072 -0.0003619713 0.9750121667 -0.2221514640 0.0000434395 -0.0001227665 -0.0003432763 0.9999999335 0.0053173805 0.0445323618 -0.0003596871 -0.0000019573 0.0000000072 0.0000111057 -0.0000746326 -0.0000005093 0.3766208291 -0.0600841977 0.0360464379 0.0353672169 -0.0003477141 0.0038745243 -0.2220398051 -0.9750374674 -0.0003619663 0.0000000000 0.0000000000 0.0088473319
0.0946154371 0.0075835995 -0.0000803620 0.0043979301 0.0004180036 0.3761769681 -0.0600819795 0.0401886583 -0.0000468068 -0.0001312382 0.4432029455 -0.2221530261 -0.9750116169 -0.0006163749 0.9750117897 -0.2221531111 0.0000722014 -0.0002073268 -0.0005849331 0.9999998074 0.0059237218 0.0547769924 -0.0003061589 -0.0000037778 0.0000000160 0.0000269963 -0.0001161634 -0.0000009862 0.3768151402 -0.0600863062 0.0360677466 0.0423518680 -0.0004998477 0.0046493257 -0.2219923330 -0.9750480215 -0.0006163629 0.0000000000 0.0000000000 0.0105978338
0.1841162741 0.0074011898 0.0032228567 0.0026405542 0.0006421468 0.3761765985 -0.0600830203 0.0428398809 -0.0000949023 -0.0002680544 0.5902328865 -0.2221540530 -0.9750111473 -0.0009161889 0.9750115310 -0.2221542353 0.0001009985 -0.0003020099 -0.0008708575 0.9999995752 0.0055098954 0.0632007353 -0.0001610029 -0.0000064836 0.0000000297 0.0000542812 -0.0001659187 -0.0000016912 0.3770442903 -0.0600892417 0.0360929295 0.0493055619 -0.0006791771 0.0054240702 -0.2219362853 -0.9750603092 -0.0009161659 0.0000000000 0.0000000000 0.0123412925
0.2810939550 0.0077138576 0.0069392254 0.0006279051 0.0008571108 0.3761759170 -0.0600849632 0.0462735038 -0.0001673806 -0.0004800371 0.7532220593 -0.2221540717 -0.9750107665 -0.0012544197 0.9750114915 -0.2221543967 0.0001242074 -0.0003997784 -0.0011954804 0.9999992055 0.0038985693 0.0704728897 0.0000718159 -0.0000102507 0.0000000486 0.0000966610 -0.0002234138 -0.0000026642 0.3773081303 -0.0600931421 0.0361219868 0.0562277213 -0.0008855590 0.0061987485 -0.2218716842 -0.9750742581 -0.0012543827 0.0000000000 0.0000000000 0.0140765066
0.3973506987 0.0087270979 0.0120544108 -0.0023983968 0.0010630150 0.3761747899 -0.0600882432 0.0505736096 -0.0002679663 -0.0007872226 0.9335715429 -0.2221526612 -0.9750105377 -0.0016267982 0.9750117701 -0.2221531677 0.0001352633 -0.0004932815 -0.0015560982 0.9999986676 0.0008946574 0.0770654795 0.0003883513 -0.0000152545 0.0000000716 0.0001582377 -0.0002881762 -0.0000039426 0.3776065111 -0.0600981452 0.0361549184 0.0631177798 -0.0011188502 0.0069733509 -0.2217985615 -0.9750897936 -0.0016267468 0.0000000000 0.0000000000 0.0158017769
0.5298947096 0.0104885204 0.0189854484 -0.0067813401 0.0012599186 0.3761730672 -0.0600934112 0.0558353699 -0.0003997844 -0.0012155312 1.1343573848 -0.2221494230 -0.9750105169 -0.0020311898 0.9750124637 -0.2221501287 0.0001258299 -0.0005739146 -0.0019524824 0.9999979292 -0.0040122498 0.0833968248 0.0007845773 -0.0000216709 0.0000000957 0.0002435615 -0.0003597420 -0.0000055616 0.3779392540 -0.0601043776 0.0361917205 0.0699751601 -0.0013789077 0.0077478685 -0.2217169631 -0.9751068338 -0.0020311297 0.0000000000 0.0000000000 0.0175142347
0.6530667543 0.0125795593 0.0266380906 -0.0117325019 0.0014480007 0.3761705888 -0.0601011655 0.0621703941 -0.0005636531 -0.0017966774 1.3586496082 -0.2221439835 -0.9750107499 -0.0024674263 0.9750136682 -0.2221448618 0.0000843074 -0.0006303267 -0.0023870460 0.9999969523 -0.0115393813 0.0898392806 0.0012562383 -0.0000296752 0.0000001155 0.0003576992 -0.0004376491 -0.0000075539 0.3783062100 -0.0601119772 0.0362323970 0.0767993107 -0.0016655884 0.0085222926 -0.2216269570 -0.9751252822 -0.0024673738 0.0000000000 0.0000000000 0.0192093559
0.7538024783 0.0121032717 0.0331594162 -0.0172570795 0.0016268739 0.3761672091 -0.0601123598 0.0696957670 -0.0007536140 -0.0025597007 1.6056771697 -0.2221359974 -0.9750112686 -0.0029367829 0.9750154757 -0.2221369446 -0.0000037502 -0.0006487115 -0.0028642418 0.9999956876 -0.0220761114 0.0966082739 0.0017988077 -0.0000394431 0.0000001226 0.0005062894 -0.0005214321 -0.0000099499 0.3787072003 -0.0601210780 0.0362769440 0.0835896656 -0.0019787492 0.0092966119 -0.2215286408 -0.9751450210 -0.0029367720 0.0000000000 0.0000000000 0.0208818448
0.7997911572 -0.0047920351 -0.0015924410 -0.0163936820 0.0017964485 0.3761628371 -0.0601279760 0.0785153024 -0.0009553062 -0.0035278742 1.8718356756 -0.2221251551 -0.9750121070 -0.0034360771 0.9750179679 -0.2221259533 -0.0001523827 -0.0006146669 -0.0033840850 0.9999940851 -0.0351608895 0.1017422189 0.0024074781 -0.0000511498 0.0000001044 0.0006955221 -0.0006106269 -0.0000127779 0.3791420460 -0.0601318069 0.0363253616 0.0903456733 -0.0023182472 0.0100708175 -0.2214221492 -0.9751659434 -0.0034361656 0.0000000000 0.0000000000 0.0225281330
0.8390451670 -0.0196025819 -0.0369798355 -0.0152094262 0.0019566652 0.3761574808 -0.0601490503 0.0887006672 -0.0011461640 -0.0046999653 2.1483459462 -0.2221111874 -0.9750133850 -0.0039394771 0.9750211919 -0.2221115936 -0.0003396293 -0.0005438604 -0.0039165091 0.9999921826 -0.0370453669 0.0986779569 0.0030792184 -0.0000649698 0.0000000440 0.0009320262 -0.0007049028 -0.0000160639 0.3796105981 -0.0601443015 0.0363776535 0.0970667899 -0.0026839396 0.0108449012 -0.2213075473 -0.9751881492 -0.0039397245 0.0000000000 0.0000000000 0.0241987009
0.8724848032 -0.0317751020 -0.0696323887 -0.0141092269 0.0021141400 0.3761512248 -0.0601765861 0.1002912171 -0.0013194100 -0.0060710364 2.4322375048 -0.2220938080 -0.9750153596 -0.0044032854 0.9750251753 -0.2220938204 -0.0004923425 -0.0004979010 -0.0044026603 0.9999901843 -0.0242771248 0.0878462973 0.0038158062 -0.0000810768 -0.0000000798 0.0012227077 -0.0008041771 -0.0000198330 0.3801126480 -0.0601586923 0.0364338122 0.1037524715 -0.0030756835 0.0116188526 -0.2211846705 -0.9752120570 -0.0044036987 0.0000000000 0.0000000000 0.0259268669
0.9003189802 -0.0418827273 -0.0994260833 -0.0130876135 0.0022731049 0.3761441195 -0.0602115262 0.1133205195 -0.0014905345 -0.0076212743 2.7224197129 -0.2220726811 -0.9750183217 -0.0047954800 0.9750299657 -0.2220726787 -0.0005397207 -0.0005387075 -0.0047955940 0.9999883560 0.0021458075 0.0714869481 0.0046198729 -0.0000996429 -0.0000002926 0.0015746546 -0.0009084504 -0.0000241101 0.3806480467 -0.0601751022 0.0364938416 0.1104021743 -0.0034933360 0.0123926625 -0.2210532281 -0.9752381590 -0.0047959851 0.0000000000 0.0000000000 0.0277266374
0.9188230634 -0.0552956685 -0.1210605800 -0.0139407422 0.0024354670 0.3761360722 -0.0602546622 0.1278169325 -0.0016968393 -0.0093138735 3.0178658816 -0.2220474496 -0.9750225559 -0.0050936836 0.9750355920 -0.2220482385 -0.0004172715 -0.0007241943 -0.0050591769 0.9999869401 0.0409628732 0.0512667854 0.0054926849 -0.0001208396 -0.0000006236 0.0019951090 -0.0010177515 -0.0000289201 0.3812166154 -0.0601936691 0.0365577377 0.1170153618 -0.0039367550 0.0131663214 -0.2209128778 -0.9752669378 -0.0050940983 0.0000000000 0.0000000000 0.0296010492
0.9272844791 -0.0774143189 -0.1287853718 -0.0199475493 0.0026020014 0.3761267420 -0.0603065500 0.1438023644 -0.0019957335 -0.0110942471 3.3170152446 -0.2220177954 -0.9750283773 -0.0052689593 0.9750419913 -0.2220205178 -0.0000698818 -0.0011016804 -0.0051529716 0.9999861165 0.0896829480 0.0230289585 0.0064323496 -0.0001448387 -0.0000011047 0.0024914390 -0.0011320791 -0.0000342880 0.3818181455 -0.0602145121 0.0366255045 0.1235915050 -0.0044057975 0.0139398202 -0.2207633547 -0.9752989369 -0.0052689715 0.0000000000 0.0000000000 0.0315344044
0.9317194819 -0.0923583731 -0.1336771101 -0.0308007896 0.0027724693 0.3761154563 -0.0603674093 0.1612899836 -0.0024582423 -0.0128856067 3.6180680235 -0.2219835754 -0.9750362711 -0.0052499802 0.9750489367 -0.2219893673 0.0005401585 -0.0016921139 -0.0049990813 0.9999860729 0.1441446557 -0.0246011914 0.0074299485 -0.0001718135 -0.0000017691 0.0030710995 -0.0012513046 -0.0000402386 0.3824524581 -0.0602377690 0.0366971381 0.1301300824 -0.0049003209 0.0147131486 -0.2206047377 -0.9753350409 -0.0052491406 0.0000000000 0.0000000000 0.0334813771
0.9306960702 -0.0775642842 -0.1165660098 -0.0355632305 0.0029444869 0.3761011729 -0.0604369878 0.1802860180 -0.0031590793 -0.0145814183 3.9200736676 -0.2219449982 -0.9750466670 -0.0049411475 0.9750559956 -0.2219543870 0.0014336862 -0.0024946203 -0.0044996960 0.9999867647 0.2021029350 -0.0885118662 0.0084642067 -0.0002019405 -0.0000026493 0.0037415940 -0.0013750999 -0.0000467953 0.3831193745 -0.0602635592 0.0367726348 0.1366305649 -0.0054201828 0.0154862972 -0.2204376582 -0.9753760574 -0.0049388694 0.0000000000 0.0000000000 0.0353792237
