# Actions and States
# action[0], ..., state[0], ..., command[0], ...
-0.7320613861 -0.3377676606 -0.1369746625 0.1357064247 -0.0257410165 0.1378480445 -0.3821534313 -0.0300538872 0.0000000000 0.0000000000 0.0000000000 -0.4320868523 0.9018319977 0.0000000000 -0.9018319977 -0.4320868523 0.0000000000 0.0000000000 0.0000000000 1.0000000000 0.0000000000 0.0000000000 0.0000000000 0.0000036420 -0.0000100968 -0.0000007940 0.0006389733 0.0000015974 0.1349498034 -0.3741186857 -0.0294220075 -0.2867559493 0.7949678302 0.0625190586 -0.4309339992 0.9023834486 0.0000000000 0.0000000000 0.0000000000 -0.1277963123
-0.7266577482 -0.2345372587 -0.0967606083 0.1207935065 -0.0232014731 0.1378480397 -0.3821534205 -0.0300545550 -0.0000032458 0.0000071668 -0.0002671122 -0.4320687055 0.9018403308 -0.0008071185 -0.9018406305 -0.4320688335 0.0000173893 -0.0003330484 0.0007354056 0.9999996741 0.0069595792 0.3227759067 -0.0079886492 0.0000145295 -0.0000402802 -0.0000031694 0.0012579751 0.0000063396 0.1335236132 -0.3701648712 -0.0291110668 -0.2837254107 0.7865663767 0.0618583411 -0.4303570361 0.9026580297 -0.0008071497 0.0000000000 0.0000000000 -0.1277911474
-0.7230545282 -0.1283376068 -0.0561076924 0.1052869633 -0.0197474919 0.1378479376 -0.3821531951 -0.0300549275 -0.0000385845 0.0000851739 0.0001848973 -0.4320052420 0.9018647447 -0.0033842662 -0.9018700118 -0.4320074962 0.0000716277 -0.0013974299 0.0030831117 0.9999942708 0.0130542498 0.6274304768 -0.0171730419 0.0000325855 -0.0000903366 -0.0000071104 0.0018289556 0.0000140559 0.1321125031 -0.3662528694 -0.0288034119 -0.2807269096 0.7782536745 0.0612046048 -0.4297757054 0.9029229948 -0.0033844133 0.0000000000 0.0000000000 -0.1277566399
-0.7236536741 -0.0605035089 -0.0290497150 0.0939256325 -0.0164232384 0.1378474756 -0.3821521759 -0.0300507484 -0.0001385177 0.0003055096 0.0013569838 -0.4318978716 0.9018945031 -0.0071087082 -0.9019177287 -0.4319078483 0.0001453363 -0.0029392289 0.0064742404 0.9999747223 0.0155735274 0.8063852550 -0.0250698372 0.0000577325 -0.0001600524 -0.0000125881 0.0023575027 0.0000245195 0.1307162941 -0.3623822033 -0.0284990091 -0.2777601182 0.7700288892 0.0605577752 -0.4291824940 0.9031618407 -0.0071089322 0.0000000000 0.0000000000 -0.1276995487
-0.7267340422 -0.0220679864 -0.0121792788 0.0857164338 -0.0133795505 0.1378462689 -0.3821495167 -0.0300402754 -0.0003217808 0.0007088220 0.0025715682 -0.4317499018 0.9019208193 -0.0114393237 -0.9019809169 -0.4317758396 0.0002232053 -0.0047379101 0.0104144205 0.9999345439 0.0157602836 0.8951961415 -0.0316564224 0.0000898927 -0.0002492127 -0.0000195591 0.0028502587 0.0000375341 0.1293348521 -0.3585524261 -0.0281978231 -0.2748246491 0.7618910074 0.0599177815 -0.4285719667 0.9033627941 -0.0114392842 0.0000000000 0.0000000000 -0.1276433935
-0.7307661772 -0.0012758069 -0.0016389921 0.0794731528 -0.0106763951 0.1378438756 -0.3821442493 -0.0300249654 -0.0005955665 0.0013100897 0.0033138764 -0.4315659370 0.9019387902 -0.0160393499 -0.9020568503 -0.4316171338 0.0002976653 -0.0066543823 0.0145968677 0.9998713170 0.0150331941 0.9304594559 -0.0370378908 0.0001289865 -0.0003576003 -0.0000279793 0.0033135442 0.0000529359 0.1279679984 -0.3547631502 -0.0278998204 -0.2719202340 0.7538390756 0.0592845529 -0.4279420339 0.9035214955 -0.0160383375 0.0000000000 0.0000000000 -0.1275977462
-0.7348810434 0.0096946154 0.0051088785 0.0744130015 -0.0083225835 0.1378398392 -0.3821353781 -0.0300079802 -0.0009605128 0.0021100127 0.0033541872 -0.4313511437 0.9019462284 -0.0207169461 -0.9021430633 -0.4314368538 0.0003668050 -0.0086072157 0.0188478710 0.9997853138 0.0142608510 0.9356871984 -0.0413455165 0.0001749332 -0.0004849953 -0.0000378164 0.0037530712 0.0000705911 0.1266155988 -0.3510138988 -0.0276049655 -0.2690464854 0.7458723187 0.0586580187 -0.4272928749 0.9036384690 -0.0207139102 0.0000000000 0.0000000000 -0.1275586090
-0.7386667132 0.0153386183 0.0095564947 0.0700787082 -0.0062989951 0.1378337103 -0.3821219248 -0.0299930360 -0.0014142638 0.0031030661 0.0026448952 -0.4311106461 0.9019424463 -0.0253660080 -0.9022373964 -0.4312394858 0.0004316845 -0.0105494697 0.0230722648 0.9996781378 0.0138531249 0.9243898516 -0.0447148929 0.0002276504 -0.0006311749 -0.0000490553 0.0041738376 0.0000903929 0.1252774745 -0.3473042846 -0.0273132287 -0.2662031353 0.7379896641 0.0580381006 -0.4266258405 0.9037166351 -0.0253596282 0.0000000000 0.0000000000 -0.1275167008
-0.7419618368 0.0181244127 0.0125590069 0.0662126169 -0.0045739692 0.1378250551 -0.3821029462 -0.0299837785 -0.0019533591 0.0042817047 0.0012300302 -0.4308492088 0.9019275175 -0.0299284544 -0.9023379959 -0.4310288813 0.0004946024 -0.0124539327 0.0272186806 0.9995519211 0.0139522678 0.9040732824 -0.0472748865 0.0002870546 -0.0007959136 -0.0000616997 0.0045801299 0.0001122577 0.1239535138 -0.3436338603 -0.0270245746 -0.2633898258 0.7301903963 0.0574247390 -0.4259427838 0.9037598477 -0.0299172187 0.0000000000 0.0000000000 -0.1274628123
-0.7447308302 0.0193871856 0.0146110384 0.0626688525 -0.0031133194 0.1378134579 -0.3820775376 -0.0299834997 -0.0025740989 0.0056382306 -0.0008078182 -0.4305711160 0.9019018954 -0.0343727372 -0.9024432896 -0.4308083071 0.0005581642 -0.0143046513 0.0312597755 0.9994089270 0.0145638292 0.8788829273 -0.0491425943 0.0003530605 -0.0009789838 -0.0000757706 0.0049755825 0.0001361217 0.1226435304 -0.3400022388 -0.0267389715 -0.2606062293 0.7224735022 0.0568178557 -0.4252457173 0.9037721779 -0.0343550134 0.0000000000 0.0000000000 -0.1273899795
-0.7469946146 0.0198462326 0.0160058774 0.0593637452 -0.0018839218 0.1377985215 -0.3820448314 -0.0299950359 -0.0032728904 0.0071654930 -0.0033749190 -0.4302801526 0.9018662278 -0.0386820037 -0.9025519548 -0.4305805133 0.0006248275 -0.0160922062 0.0351813689 0.9992513759 0.0156304206 0.8511220021 -0.0504220917 0.0004255819 -0.0011801551 -0.0000913047 0.0053632529 0.0001619377 0.1213473976 -0.3364090025 -0.0264563859 -0.2578520775 0.7148382068 0.0562173873 -0.4245366492 0.9037576033 -0.0386560999 0.0000000000 0.0000000000 -0.1272939350
-0.7487972975 0.0198887736 0.0169241652 0.0562473796 -0.0008558033 0.1377798657 -0.3820039935 -0.0300207557 -0.0040463615 0.0088570732 -0.0063792056 -0.4299796297 0.9018212678 -0.0428476256 -0.9026628847 -0.4303478025 0.0006967033 -0.0178110797 0.0389765296 0.9990813759 0.0170702522 0.8220864288 -0.0512047712 0.0005045311 -0.0013991951 -0.0001083516 0.0057456992 0.0001896728 0.1200649664 -0.3328537345 -0.0261767861 -0.2551270127 0.7072835565 0.0556232668 -0.4238175101 0.9037198895 -0.0428118404 0.0000000000 0.0000000000 -0.1271728496
-0.7501906157 0.0197220650 0.0174830183 0.0532888807 -0.0000025034 0.1377571268 -0.3819542197 -0.0300625870 -0.0048913764 0.0107072592 -0.0097357139 -0.4296724264 0.9017678286 -0.0468656516 -0.9027751578 -0.4301120936 0.0007754900 -0.0194581716 0.0426423527 0.9989009006 0.0187963884 0.7925182669 -0.0515704565 0.0005898194 -0.0016358693 -0.0001269720 0.0061250515 0.0002193057 0.1187960804 -0.3293360174 -0.0259001423 -0.2524307668 0.6998087764 0.0550354235 -0.4230901209 0.9036625553 -0.0468183156 0.0000000000 0.0000000000 -0.1270268556
-0.7512252927 0.0194566585 0.0177617762 0.0504680611 0.0006991028 0.1377299557 -0.3818947325 -0.0301220595 -0.0058050108 0.0127109414 -0.0133685440 -0.4293610336 0.9017067584 -0.0507348462 -0.9028880108 -0.4298749772 0.0008624719 -0.0210319441 0.0461781962 0.9987117860 0.0207261532 0.7628524122 -0.0515887223 0.0006813571 -0.0018899414 -0.0001472354 0.0065030754 0.0002508249 0.1175406054 -0.3258554935 -0.0256264210 -0.2497629970 0.6924130321 0.0544537902 -0.4223561799 0.9035888711 -0.0506743552 0.0000000000 0.0000000000 -0.1268575459
-0.7519484758 0.0191511046 0.0178173706 0.0477707982 0.0012689226 0.1376980179 -0.3818247785 -0.0302003508 -0.0067845197 0.0148634988 -0.0172109960 -0.4290475964 0.9016389235 -0.0544555939 -0.9030008155 -0.4296377641 0.0009585487 -0.0225319148 0.0495847087 0.9985157332 0.0227849950 0.7333511723 -0.0513201587 0.0007790535 -0.0021611734 -0.0001692182 0.0068812231 0.0002842269 0.1162984073 -0.3224117756 -0.0253555942 -0.2471234202 0.6850953698 0.0538783073 -0.4216172579 0.9035018683 -0.0543804362 0.0000000000 0.0000000000 -0.1266675459
-0.7524029613 0.0188355222 0.0176930297 0.0451867208 0.0017244202 0.1376609916 -0.3817436262 -0.0302983317 -0.0078273049 0.0171606907 -0.0212050181 -0.4287339512 0.9015651958 -0.0580292759 -0.9031130587 -0.4294015260 0.0010642764 -0.0239583451 0.0528632883 0.9983143145 0.0249077248 0.7041777899 -0.0508175798 0.0008828171 -0.0024493248 -0.0001930019 0.0072606821 0.0003195148 0.1150693297 -0.3190044165 -0.0250876285 -0.2445117533 0.6778550744 0.0533089042 -0.4208747980 0.9034043516 -0.0579380536 0.0000000000 0.0000000000 -0.1264601642
-0.7526264191 0.0185249113 0.0174222831 0.0427074097 0.0020807355 0.1376185680 -0.3816505644 -0.0304166064 -0.0089308848 0.0195985619 -0.0253004473 -0.4284216599 0.9014864431 -0.0614579065 -0.9032243254 -0.4291671304 0.0011799120 -0.0253120387 0.0560157760 0.9981089788 0.0270386409 0.6754372104 -0.0501269824 0.0009925551 -0.0027541546 -0.0002186722 0.0076424102 0.0003566971 0.1138532385 -0.3156330884 -0.0248224940 -0.2419276685 0.6706913114 0.0527455211 -0.4201301172 0.9032989115 -0.0613493522 0.0000000000 0.0000000000 -0.1262391078
-0.7526521683 0.0182259306 0.0170322880 0.0403265581 0.0023505643 0.1375704504 -0.3815449009 -0.0305555497 -0.0100928721 0.0221733661 -0.0294541082 -0.4281120396 0.9014035206 -0.0647439154 -0.9033342846 -0.4289352702 0.0013054567 -0.0265942056 0.0590442802 0.9979010578 0.0291308372 0.6471990310 -0.0492884144 0.0011081743 -0.0030754195 -0.0002463170 0.0080271736 0.0003957865 0.1126500070 -0.3122973740 -0.0245601628 -0.2393709123 0.6636032462 0.0521880910 -0.4193844093 0.9031879349 -0.0646169039 0.0000000000 0.0000000000 -0.1260082712
-0.7525093555 0.0179414116 0.0165450666 0.0380382203 0.0025454108 0.1375163537 -0.3814259621 -0.0307153393 -0.0113109542 0.0248815035 -0.0336289971 -0.4278061886 0.9013172645 -0.0678900119 -0.9034426772 -0.4287064886 0.0014406958 -0.0278063646 0.0619510727 0.9976917714 0.0311453649 0.6195106602 -0.0483368770 0.0012295807 -0.0034128744 -0.0002760259 0.0084155686 0.0004367993 0.1114594862 -0.3089969158 -0.0243006032 -0.2368411720 0.6565901041 0.0516365506 -0.4186387492 0.9030736161 -0.0677435686 0.0000000000 0.0000000000 -0.1257715739
-0.7522233129 0.0176717564 0.0159801506 0.0358374789 0.0026752290 0.1374560041 -0.3812930917 -0.0308959844 -0.0125828802 0.0277194714 -0.0377935181 -0.4275050100 0.9012284862 -0.0708990977 -0.9035493059 -0.4284812001 0.0015852338 -0.0289502726 0.0647385259 0.9974822329 0.0330501710 0.5924046887 -0.0473028543 0.0013566794 -0.0037662745 -0.0003078892 0.0088080512 0.0004797543 0.1102815494 -0.3057313561 -0.0240437873 -0.2343381643 0.6496510506 0.0510908403 -0.4178940975 0.9029579663 -0.0707324034 0.0000000000 0.0000000000 -0.1255328496
-0.7518164515 0.0174165480 0.0153527865 0.0337199979 0.0027484228 0.1373891392 -0.3811456510 -0.0310973508 -0.0139064509 0.0306838282 -0.0419207795 -0.4272092325 0.9011379686 -0.0737742049 -0.9036540261 -0.4282597094 0.0017385265 -0.0300278673 0.0674090718 0.9972734551 0.0348195156 0.5659030954 -0.0462128625 0.0014893750 -0.0041353712 -0.0003419970 0.0092049511 0.0005246722 0.1091160625 -0.3025003076 -0.0237896852 -0.2318616062 0.6427853107 0.0505508967 -0.4171513063 0.9028428231 -0.0735865980 0.0000000000 0.0000000000 -0.1252957391
-0.7513090372 0.0171741936 0.0146765895 0.0316817649 0.0027726816 0.1373155070 -0.3809830181 -0.0313191822 -0.0152795107 0.0337711616 -0.0459880316 -0.4269194295 0.9010464623 -0.0765184521 -0.9037567390 -0.4280422259 0.0018999087 -0.0310412226 0.0699651747 0.9970663553 0.0364328134 0.5400203047 -0.0450900327 0.0016275714 -0.0045199161 -0.0003784384 0.0096064936 0.0005715752 0.1079628915 -0.2993033826 -0.0235382691 -0.2294112146 0.6359921694 0.0500166602 -0.4164111249 0.9027298603 -0.0763094275 0.0000000000 0.0000000000 -0.1250636528
-0.7507176995 0.0169433374 0.0139631201 0.0297194943 0.0027547409 0.1372348667 -0.3808045886 -0.0315611201 -0.0166999399 0.0369780596 -0.0499762503 -0.4266360359 0.9009546840 -0.0791350126 -0.9038573848 -0.4278288779 0.0020686178 -0.0319925128 0.0724093125 0.9968617610 0.0378740909 0.5147653595 -0.0439544383 0.0017711720 -0.0049196593 -0.0004173013 0.0100128138 0.0006204865 0.1068219021 -0.2961402535 -0.0232895110 -0.2269867361 0.6292708516 0.0494880676 -0.4156742063 0.9026205965 -0.0789042195 0.0000000000 0.0000000000 -0.1248397181
-0.7500577569 0.0167229380 0.0132224159 0.0278296862 0.0027003819 0.1371469874 -0.3806097748 -0.0318227204 -0.0181656565 0.0403011042 -0.0538695323 -0.4263593631 0.9008633146 -0.0816270905 -0.9039559376 -0.4276197238 0.0022438149 -0.0328839833 0.0747439646 0.9966604153 0.0391313240 0.4901429366 -0.0428234361 0.0019200798 -0.0053343503 -0.0004586715 0.0104239676 0.0006714294 0.1056929827 -0.2930105627 -0.0230433792 -0.2245878726 0.6226205230 0.0489650629 -0.4149411136 0.9025164040 -0.0813743273 0.0000000000 0.0000000000 -0.1246267556
-0.7493422031 0.0165116526 0.0124624027 0.0260096230 0.0026148497 0.1370516491 -0.3803980063 -0.0321034680 -0.0196746118 0.0437368555 -0.0576547743 -0.4260896138 0.9007729980 -0.0839978998 -0.9040524003 -0.4274147620 0.0024246030 -0.0337179254 0.0769716011 0.9964629818 0.0401958550 0.4661538488 -0.0417120280 0.0020741967 -0.0057637366 -0.0005026329 0.0108399438 0.0007244278 0.1045759842 -0.2899139225 -0.0227998495 -0.2222143561 0.6160404682 0.0484475866 -0.4142123261 0.9024185176 -0.0837231086 0.0000000000 0.0000000000 -0.1244272675
-0.7485831976 0.0163083822 0.0116907693 0.0242566261 0.0025027343 0.1369486416 -0.3801687300 -0.0324027898 -0.0212247923 0.0472818465 -0.0613212885 -0.4258268936 0.9006843411 -0.0862506483 -0.9041468008 -0.4272139397 0.0026100420 -0.0344966553 0.0790946738 0.9962700504 0.0410617419 0.4427961970 -0.0406330973 0.0022334254 -0.0062075648 -0.0005492664 0.0112606743 0.0007795048 0.1034707949 -0.2868500352 -0.0225588940 -0.2198659331 0.6095299721 0.0479355790 -0.4134882462 0.9023280432 -0.0859539075 0.0000000000 0.0000000000 -0.1242434494
-0.7477900982 0.0161122289 0.0109135648 0.0225681774 0.0023680881 0.1368377646 -0.3799214101 -0.0327200657 -0.0228142167 0.0509325715 -0.0648605989 -0.4255712232 0.9005979140 -0.0883885246 -0.9042391883 -0.4270171602 0.0027991616 -0.0352224977 0.0811156103 0.9960821419 0.0417255478 0.4200655474 -0.0395976502 0.0023976667 -0.0066655809 -0.0005986504 0.0116860392 0.0008366836 0.1023772806 -0.2838185132 -0.0223204847 -0.2175423205 0.6030882597 0.0474289805 -0.4127692054 0.9022459662 -0.0880700405 0.0000000000 0.0000000000 -0.1240771761
-0.7469720840 0.0159219019 0.0101358844 0.0209419951 0.0022013152 0.1367188279 -0.3796555285 -0.0330546390 -0.0244409426 0.0546854980 -0.0682660057 -0.4253225485 0.9005142499 -0.0904146862 -0.9043296301 -0.4268242897 0.0029909734 -0.0358977701 0.0830368081 0.9958997131 0.0421858577 0.3979553852 -0.0386150317 0.0025668221 -0.0071375300 -0.0006508600 0.0121158808 0.0008959863 0.1012953296 -0.2808190286 -0.0220845956 -0.2152432650 0.5967146754 0.0469277352 -0.4120554705 0.9021731591 -0.0900747845 0.0000000000 0.0000000000 -0.1239300216
-0.7461365461 0.0157368444 0.0093621407 0.0193762071 0.0019839380 0.1365916505 -0.3793705850 -0.0334058244 -0.0261030652 0.0585370580 -0.0715324592 -0.4250807410 0.9004338504 -0.0923322515 -0.9044182134 -0.4266351537 0.0031844792 -0.0365247714 0.0848606307 0.9957231615 0.0424429656 0.3764579244 -0.0376972041 0.0027407927 -0.0076231565 -0.0007059672 0.0125499927 0.0009574344 0.1002248079 -0.2778512537 -0.0218511987 -0.2129685134 0.5904083848 0.0464317910 -0.4113472497 0.9021103897 -0.0919713676 0.0000000000 0.0000000000 -0.1238032716
-0.7452903390 0.0155560784 0.0085961940 0.0178685989 0.0017622095 0.1364560613 -0.3790660972 -0.0337729155 -0.0277987209 0.0624836551 -0.0746562951 -0.4248455767 0.9003572002 -0.0941442934 -0.9045050567 -0.4264495128 0.0033786760 -0.0371057728 0.0865894049 0.9955528296 0.0424985537 0.3555639612 -0.0368625634 0.0029194790 -0.0081222029 -0.0007640407 0.0129880961 0.0010210481 0.0991656035 -0.2749148309 -0.0216202699 -0.2107177973 0.5841687918 0.0459410846 -0.4106446978 0.9020583277 -0.0937629625 0.0000000000 0.0000000000 -0.1236979428
-0.7444388866 0.0153791253 0.0078416942 0.0164173990 0.0015388716 0.1363118979 -0.3787416007 -0.0341551916 -0.0295260881 0.0665216641 -0.0776350934 -0.4246167522 0.9002847641 -0.0958538331 -0.9045903038 -0.4262670749 0.0035725635 -0.0376430086 0.0882254183 0.9953890091 0.0423555545 0.3352633507 -0.0361165379 0.0031027815 -0.0086344136 -0.0008251455 0.0134298550 0.0010868455 0.0981175900 -0.2720094621 -0.0213917792 -0.2084908634 0.5779951215 0.0454555675 -0.4099479216 0.9020175524 -0.0954526805 0.0000000000 0.0000000000 -0.1236147924
-0.7435872555 0.0152054932 0.0071005374 0.0150210736 0.0013148180 0.1361590072 -0.3783966494 -0.0345519229 -0.0312833920 0.0706474412 -0.0804674529 -0.4243939372 0.9002169666 -0.0974638355 -0.9046741004 -0.4260875446 0.0037651551 -0.0381386699 0.0897709167 0.9952319450 0.0420180040 0.3155448334 -0.0354600731 0.0032906001 -0.0091595296 -0.0008893435 0.0138749257 0.0011548441 0.0970806554 -0.2691347897 -0.0211657044 -0.2062874734 0.5718867183 0.0449751765 -0.4092569852 0.9019885589 -0.0970435659 0.0000000000 0.0000000000 -0.1235543321
-0.7427397966 0.0150344968 0.0063753757 0.0136779360 0.0010911222 0.1359972446 -0.3780308155 -0.0349623753 -0.0330689050 0.0748573245 -0.0831528891 -0.4241767802 0.9001541935 -0.0989772044 -0.9047565932 -0.4259106259 0.0039554829 -0.0385948985 0.0912281023 0.9950818394 0.0414905373 0.2963966387 -0.0348935838 0.0034828351 -0.0096972929 -0.0009566926 0.0143229691 0.0012250586 0.0960546806 -0.2662904859 -0.0209420193 -0.2041073740 0.5658428073 0.0444998667 -0.4085719141 0.9019717645 -0.0985385926 0.0000000000 0.0000000000 -0.1235168791
-0.7414867282 0.0148013150 0.0051202327 0.0126070855 0.0008684990 0.1358264742 -0.3776436893 -0.0353858149 -0.0348809483 0.0791476390 -0.0856917188 -0.4239649125 0.9000967944 -0.1003967808 -0.9048379289 -0.4257360230 0.0041426010 -0.0390137843 0.0925991327 0.9949388550 0.0407785297 0.2778065292 -0.0344170453 0.0036793868 -0.0102474447 -0.0010272476 0.0147736417 0.0012975025 0.0950395465 -0.2634762526 -0.0207206979 -0.2019502968 0.5598628521 0.0440295786 -0.4078927002 0.9019675149 -0.0999406616 0.0000000000 0.0000000000 -0.1235025472
-0.7402756214 0.0146254152 0.0039596204 0.0115690734 0.0006478428 0.1356465624 -0.3772348659 -0.0358213617 -0.0367202584 0.0835203143 -0.0880251072 -0.4237579256 0.9000450235 -0.1017259861 -0.9049182393 -0.4255634767 0.0043252123 -0.0393979785 0.0938865432 0.9948030540 0.0397364683 0.2600213094 -0.0340301191 0.0038801548 -0.0108097252 -0.0011010591 0.0152266417 0.0013721879 0.0940351412 -0.2606917620 -0.0205017161 -0.1998160332 0.5539460182 0.0435642600 -0.4072192173 0.9019759861 -0.1012532289 0.0000000000 0.0000000000 -0.1235269897
-0.7391356230 0.0145024769 0.0029263711 0.0105515979 0.0004244446 0.1354573747 -0.3768039380 -0.0362679296 -0.0385857759 0.0879728407 -0.0901441748 -0.4235553666 0.8999990250 -0.1029689586 -0.9049976344 -0.4253927809 0.0045015186 -0.0397508893 0.0950933063 0.9946743839 0.0383469457 0.2430192112 -0.0337321676 0.0040850388 -0.0113838762 -0.0011781732 0.0156817250 0.0014491251 0.0930413455 -0.2579366863 -0.0202850476 -0.1977043152 0.5480917692 0.0431038626 -0.4065511941 0.9019971649 -0.1024804357 0.0000000000 0.0000000000 -0.1235929456
-0.7380709648 0.0144047160 0.0020088525 0.0095559135 0.0001984239 0.1352587854 -0.3763505191 -0.0367244795 -0.0404757687 0.0925008675 -0.0920604485 -0.4233567875 0.8999589555 -0.1041292893 -0.9050762289 -0.4252237202 0.0046698637 -0.0400755581 0.0962219629 0.9945528058 0.0366439894 0.2266865066 -0.0335238927 0.0042939391 -0.0119696353 -0.0012586303 0.0161386430 0.0015283234 0.0920580551 -0.2552107275 -0.0200706683 -0.1956149191 0.5422993898 0.0426483266 -0.4058883799 0.9020310581 -0.1036258726 0.0000000000 0.0000000000 -0.1236976155
-0.7370820642 0.0143130329 0.0011958921 0.0085829925 -0.0000275970 0.1350506771 -0.3758742453 -0.0371900365 -0.0423885432 0.0970999035 -0.0937871139 -0.4231617422 0.8999249880 -0.1052100566 -0.9051541462 -0.4250560605 0.0048287711 -0.0403746404 0.0972746701 0.9944382972 0.0346643490 0.2109342685 -0.0334062703 0.0045067547 -0.0125667453 -0.0013424663 0.0165971182 0.0016097906 0.0910851583 -0.2525135875 -0.0198585559 -0.1935475916 0.5365681648 0.0421976075 -0.4052305516 0.9020776954 -0.1046926173 0.0000000000 0.0000000000 -0.1238376595
-0.7361671925 0.0142171038 0.0004778504 0.0076337913 -0.0002516508 0.1348329407 -0.3753747750 -0.0376636929 -0.0443224891 0.1017654444 -0.0953375619 -0.4229697846 0.8998973011 -0.1062139769 -0.9052315176 -0.4248895498 0.0049769431 -0.0406504712 0.0982533360 0.9943308409 0.0324440613 0.1957000855 -0.0333794039 0.0047233859 -0.0131749436 -0.0014297126 0.0170568582 0.0016935333 0.0901225433 -0.2498449534 -0.0196486842 -0.1915021241 0.5308975577 0.0417516492 -0.4045775071 0.9021371090 -0.1056833827 0.0000000000 0.0000000000 -0.1240095847
-0.7353233099 0.0141112972 -0.0001541674 0.0067088641 -0.0004719495 0.1346054751 -0.3748517892 -0.0381446071 -0.0462760866 0.1064930140 -0.0967249411 -0.4227804710 0.8998760703 -0.1071435083 -0.9053084805 -0.4247239218 0.0051132551 -0.0409051152 0.0991597111 0.9942304176 0.0300174830 0.1809385952 -0.0334425408 0.0049437317 -0.0137939714 -0.0015203960 0.0175175499 0.0017795565 0.0891701058 -0.2472045124 -0.0194410309 -0.1894782782 0.5252868533 0.0413104072 -0.4039290602 0.9022093206 -0.1066006214 0.0000000000 0.0000000000 -0.1242098703
-0.7345462441 0.0139933480 -0.0007072984 0.0058087949 -0.0006868838 0.1343681863 -0.3743049909 -0.0386320018 -0.0482479094 0.1112781929 -0.0979618909 -0.4225933624 0.8998614628 -0.1080009161 -0.9053851761 -0.4245588997 0.0052367458 -0.0411404044 0.0999954424 0.9941370019 0.0274167225 0.1666154904 -0.0335941861 0.0051676929 -0.0144235650 -0.0016145394 0.0179788750 0.0018678633 0.0882277265 -0.2445919812 -0.0192355737 -0.1874758154 0.5197355151 0.0408738256 -0.4032850374 0.9022943341 -0.1074465898 0.0000000000 0.0000000000 -0.1244350565
-0.7338327169 0.0138621992 -0.0011890972 0.0049338536 -0.0008953211 0.1341209872 -0.3737341051 -0.0391251611 -0.0502366257 0.1161166434 -0.0990603321 -0.4224080269 0.8998536334 -0.1087883142 -0.9054617482 -0.4243941993 0.0053466063 -0.0413579664 0.1007621065 0.9940505603 0.0246715981 0.1527031148 -0.0338321792 0.0053951680 -0.0150634665 -0.0017121625 0.0184405036 0.0019584559 0.0872953087 -0.2420070618 -0.0190322846 -0.1854945123 0.5142427683 0.0404418595 -0.4026452769 0.9023921318 -0.1082233905 0.0000000000 0.0000000000 -0.1246817779
-0.7331777811 0.0137191601 -0.0016052411 0.0040844302 -0.0010961886 0.1338637970 -0.3731388784 -0.0396234265 -0.0522409884 0.1210041070 -0.1000315560 -0.4222240423 0.8998527232 -0.1095076923 -0.9055383410 -0.4242295319 0.0054421684 -0.0415592470 0.1014612284 0.9939710499 0.0218093942 0.1391787900 -0.0341538625 0.0056260582 -0.0157134123 -0.0018132812 0.0189021043 0.0020513341 0.0863727480 -0.2394494563 -0.0188311469 -0.1835341454 0.5088080764 0.0400144570 -0.4020096270 0.9025026731 -0.1089329988 0.0000000000 0.0000000000 -0.1249468198
-0.7325775027 0.0135642616 -0.0019615714 0.0032606455 -0.0012887113 0.1335965412 -0.3725190782 -0.0401261936 -0.0542598381 0.1259364302 -0.1008860168 -0.4220409983 0.8998588581 -0.1101609330 -0.9056150985 -0.4240646072 0.0055228930 -0.0417455286 0.1020942915 0.9938984186 0.0188550138 0.1260219889 -0.0345561427 0.0058602635 -0.0163731463 -0.0019179084 0.0193633400 0.0021464964 0.0854599327 -0.2369188815 -0.0186321326 -0.1815945059 0.5034308434 0.0395915732 -0.4013779457 0.9026258950 -0.1095772805 0.0000000000 0.0000000000 -0.1252271258
-0.7320277691 0.0133986948 -0.0022633632 0.0024628292 -0.0014724125 0.1333191504 -0.3718744922 -0.0406329079 -0.0562920942 0.1309095619 -0.1016334187 -0.4218584985 0.8998721488 -0.1107498221 -0.9056921624 -0.4238991356 0.0055883586 -0.0419179456 0.1026627425 0.9938326052 0.0158311709 0.1132147632 -0.0350355936 0.0060976837 -0.0170424078 -0.0020260548 0.0198238827 0.0022439398 0.0845567659 -0.2344150543 -0.0184352230 -0.1796753556 0.4981104434 0.0391731560 -0.4007501005 0.9027617127 -0.1101580020 0.0000000000 0.0000000000 -0.1255198032
-0.7315248847 0.0132235177 -0.0025151616 0.0016908927 -0.0016466960 0.1330315608 -0.3712049285 -0.0411430615 -0.0583367493 0.1359195567 -0.1022827284 -0.4216761618 0.8998926897 -0.1112760598 -0.9057696720 -0.4237328302 0.0056382518 -0.0420774982 0.1031679966 0.9937735399 0.0127584305 0.1007408601 -0.0355885761 0.0063382201 -0.0177209377 -0.0021377278 0.0202833991 0.0023436593 0.0836631432 -0.2319376916 -0.0182403941 -0.1777765006 0.4928462803 0.0387591608 -0.4001259680 0.9029100209 -0.1106768426 0.0000000000 0.0000000000 -0.1258221389
-0.7310655117 0.0130396243 -0.0027214519 0.0009450015 -0.0018115620 0.1327337131 -0.3705102142 -0.0416561890 -0.0603928627 0.1409625740 -0.1028422290 -0.4214936235 0.8999205601 -0.1117412676 -0.9058477627 -0.4235654083 0.0056723566 -0.0422250653 0.1036114394 0.9937211447 0.0096554515 0.0885852577 -0.0362112278 0.0065817731 -0.0184084736 -0.0022529326 0.0207415689 0.0024456482 0.0827789679 -0.2294864953 -0.0180476252 -0.1758977026 0.4876377285 0.0383495428 -0.3995054332 0.9030706949 -0.1111354007 0.0000000000 0.0000000000 -0.1261315902
-0.7306458950 0.0128482515 -0.0028863023 0.0002252907 -0.0019667719 0.1324255528 -0.3697901955 -0.0421718645 -0.0624595530 0.1460348746 -0.1033195888 -0.4213105359 0.8999558234 -0.1121469942 -0.9059265659 -0.4233965929 0.0056905460 -0.0423614152 0.1039944284 0.9936753340 0.0065390833 0.0767342252 -0.0368996425 0.0068282429 -0.0191047620 -0.0023716730 0.0211980734 0.0025498986 0.0819041356 -0.2270612121 -0.0178568922 -0.1740387678 0.4824842215 0.0379442535 -0.3988883895 0.9032435919 -0.1115352006 0.0000000000 0.0000000000 -0.1264457902
-0.7302628756 0.0126502169 -0.0030132143 -0.0004683286 -0.0021122068 0.1321070295 -0.3690447369 -0.0426896987 -0.0645359966 0.1511328291 -0.1037218137 -0.4211265692 0.8999985280 -0.1124947215 -0.9060062081 -0.4232261135 0.0056927735 -0.0424872159 0.1043182942 0.9936360148 0.0034244527 0.0651749102 -0.0376498448 0.0070775310 -0.0198095404 -0.0024939501 0.0216526110 0.0026564009 0.0810385495 -0.2246615738 -0.0176681746 -0.1721994728 0.4773851931 0.0375432484 -0.3982747382 0.9034285523 -0.1118776984 0.0000000000 0.0000000000 -0.1267625508
-0.7299140096 0.0124461334 -0.0031056900 -0.0011358256 -0.0022481047 0.1317780967 -0.3682737208 -0.0432093353 -0.0666214203 0.1562529131 -0.1040553199 -0.4209414114 0.9000487076 -0.1127858681 -0.9060868108 -0.4230537075 0.0056790652 -0.0426030444 0.1045843413 0.9936030878 0.0003252100 0.0538953459 -0.0384578107 0.0073295394 -0.0205225572 -0.0026197634 0.0221048761 0.0027651438 0.0801821128 -0.2222872823 -0.0174814519 -0.1703796089 0.4723400474 0.0371464789 -0.3976643878 0.9036254013 -0.1121642860 0.0000000000 0.0000000000 -0.1270798461
-0.7295962572 0.0122372061 -0.0031665459 -0.0017771553 -0.0023744062 0.1314387118 -0.3674770467 -0.0437304488 -0.0687150934 0.1613916963 -0.1043260590 -0.4207547685 0.9001063818 -0.1130217951 -0.9061684900 -0.4228791206 0.0056495126 -0.0427093950 0.1047938488 0.9935764474 -0.0027463871 0.0428846400 -0.0393195898 0.0075841695 -0.0212435536 -0.0027491108 0.0225545857 0.0028761148 0.0793347210 -0.2199380845 -0.0172967035 -0.1685789973 0.4673482180 0.0367539041 -0.3970572539 0.9038339495 -0.1123962969 0.0000000000 0.0000000000 -0.1273958131
-0.7293069959 0.0120239276 -0.0031992535 -0.0023924513 -0.0024915286 0.1310888356 -0.3666546314 -0.0442527418 -0.0708163262 0.1665458509 -0.1045394586 -0.4205663644 0.9001715562 -0.1132038092 -0.9062513562 -0.4227021074 0.0056042667 -0.0428066873 0.1049480717 0.9935559822 -0.0057793478 0.0321322753 -0.0402312419 0.0078413235 -0.0219722744 -0.0028819893 0.0230014604 0.0029892996 0.0784962848 -0.2176137120 -0.0171139073 -0.1667973995 0.4624091387 0.0363654792 -0.3964532584 0.9040539941 -0.1125750094 0.0000000000 0.0000000000 -0.1277087434
-0.7290438414 0.0118069081 -0.0032054225 -0.0029818774 -0.0025995912 0.1307284322 -0.3658064075 -0.0447759427 -0.0729244663 0.1717121487 -0.1047004614 -0.4203759406 0.9002442235 -0.1133331661 -0.9063355141 -0.4225224315 0.0055435313 -0.0428952729 0.1050482406 0.9935415757 -0.0087639980 0.0216287377 -0.0411889629 0.0081009036 -0.0227084681 -0.0030183936 0.0234452356 0.0031046830 0.0776667148 -0.2153138965 -0.0169330407 -0.1650346369 0.4575222433 0.0359811559 -0.3958523291 0.9042853204 -0.1127016506 0.0000000000 0.0000000000 -0.1280170961
-0.7288054228 0.0115868775 -0.0031880182 -0.0035454780 -0.0026989514 0.1303574690 -0.3649323239 -0.0452998032 -0.0750388934 0.1768874575 -0.1048135755 -0.4201832557 0.9003243637 -0.1134110745 -0.9064210628 -0.4223398665 0.0054675579 -0.0429754425 0.1050955629 0.9935331066 -0.0116914896 0.0113649205 -0.0421890301 0.0083628120 -0.0234518778 -0.0031583183 0.0238856599 0.0032222487 0.0768459141 -0.2130383998 -0.0167540889 -0.1632905006 0.4526870251 0.0356008969 -0.3952543995 0.9045277025 -0.1127774002 0.0000000000 0.0000000000 -0.1283194467
-0.7285887003 0.0113644330 -0.0031494542 -0.0040832530 -0.0027898478 0.1299759163 -0.3640323446 -0.0458240966 -0.0771590101 0.1820687248 -0.1048830295 -0.4199880848 0.9004119448 -0.1134386981 -0.9065080956 -0.4221541950 0.0053766409 -0.0430474306 0.1050912233 0.9935304492 -0.0145540675 0.0013323328 -0.0432278539 0.0086269528 -0.0242022574 -0.0033017555 0.0243224856 0.0033419784 0.0760337785 -0.2107869387 -0.0165770259 -0.1615647972 0.4479028881 0.0352246575 -0.3946594078 0.9047809041 -0.1128033928 0.0000000000 0.0000000000 -0.1286145212
-0.7283926010 0.0111398110 -0.0030914596 -0.0045953966 -0.0028727571 0.1295837475 -0.3631064488 -0.0463486161 -0.0792842487 0.1872530009 -0.1049125689 -0.4197902194 0.9005069237 -0.1134171592 -0.9065967003 -0.4219652099 0.0052711127 -0.0431114219 0.1050363839 0.9935334737 -0.0173449949 -0.0084769034 -0.0443019596 0.0088932281 -0.0249593481 -0.0034486982 0.0247554835 0.0034638527 0.0752302334 -0.2085592896 -0.0164018348 -0.1598573327 0.4431693256 0.0348523930 -0.3940672969 0.9050446795 -0.1127807214 0.0000000000 0.0000000000 -0.1289011904
-0.7282152772 0.0109135052 -0.0030158965 -0.0050820420 -0.0029477987 0.1291809386 -0.3621546301 -0.0468731726 -0.0814140593 0.1924374149 -0.1049056800 -0.4195894661 0.9006092464 -0.1133475417 -0.9066869592 -0.4217727134 0.0051513387 -0.0431675569 0.1049321854 0.9935420467 -0.0200582602 -0.0180700517 -0.0454080522 0.0091615412 -0.0257229060 -0.0035991366 0.0251844339 0.0035878518 0.0744351745 -0.2063551694 -0.0162284952 -0.1581679136 0.4384857714 0.0344840623 -0.3934780137 0.9053187745 -0.1127104408 0.0000000000 0.0000000000 -0.1291784397
-0.7280548811 0.0106861843 -0.0029242700 -0.0055433242 -0.0030155687 0.1287674683 -0.3611768962 -0.0473975937 -0.0835479100 0.1976191797 -0.1048655494 -0.4193856465 0.9007188486 -0.1132308936 -0.9067789490 -0.4215765175 0.0050177146 -0.0432159357 0.1047797481 0.9935560313 -0.0226885852 -0.0274539157 -0.0465429242 0.0094317971 -0.0264926814 -0.0037530614 0.0256091300 0.0037139542 0.0736485198 -0.2041743398 -0.0160569884 -0.1564963460 0.4338517189 0.0341196246 -0.3928915083 0.9056029269 -0.1125935702 0.0000000000 0.0000000000 -0.1294453707
-0.7279102802 0.0104581183 -0.0028185919 -0.0059794518 -0.0030763051 0.1283433179 -0.3601732684 -0.0479217218 -0.0856852862 0.2027955945 -0.1047950363 -0.4191785961 0.9008356566 -0.1130682287 -0.9068727415 -0.4213764438 0.0048706620 -0.0432566221 0.1045801718 0.9935752877 -0.0252313616 -0.0366351581 -0.0477035762 0.0097039007 -0.0272684284 -0.0039104624 0.0260293745 0.0038421378 0.0728701800 -0.2020165622 -0.0158872921 -0.1548424512 0.4292666614 0.0337590389 -0.3923077341 0.9058968674 -0.1124310949 0.0000000000 0.0000000000 -0.1297011939
-0.7277801037 0.0102291564 -0.0027000392 -0.0063907825 -0.0031303661 0.1279084714 -0.3591437815 -0.0484454132 -0.0878256848 0.2079640345 -0.1046967760 -0.4189681638 0.9009595878 -0.1128605285 -0.9069684031 -0.4211723232 0.0047106258 -0.0432896475 0.1043345356 0.9935996735 -0.0276827152 -0.0456198636 -0.0488871420 0.0099777542 -0.0280498993 -0.0040713279 0.0264449809 0.0039723790 0.0721000731 -0.1998815984 -0.0157193914 -0.1532060206 0.4247300327 0.0334022604 -0.3917266472 0.9062003203 -0.1122239681 0.0000000000 0.0000000000 -0.1299452383
-0.7276630402 0.0100004170 -0.0025697295 -0.0067772572 -0.0031782878 0.1274629151 -0.3580884829 -0.0489685362 -0.0899686131 0.2131219509 -0.1045731719 -0.4187542111 0.9010905510 -0.1126087453 -0.9070659955 -0.4209639958 0.0045380704 -0.0433150150 0.1040438998 0.9936290437 -0.0300392307 -0.0544133915 -0.0500908984 0.0102532655 -0.0288368501 -0.0042356462 0.0268557742 0.0041046538 0.0713380948 -0.1977691948 -0.0155532639 -0.1515868902 0.4202413559 0.0330492556 -0.3911482059 0.9065130042 -0.1119731144 0.0000000000 0.0000000000 -0.1301769205
-0.7275582552 0.0097713936 -0.0024295400 -0.0071390104 -0.0032201894 0.1270066379 -0.3570074327 -0.0494909709 -0.0921135876 0.2182668707 -0.1044263951 -0.4185366114 0.9012284474 -0.1123138037 -0.9071655757 -0.4207513107 0.0043534777 -0.0433327021 0.1037093062 0.9936632512 -0.0322980382 -0.0630214160 -0.0513123293 0.0105303377 -0.0296290405 -0.0044034058 0.0272615924 0.0042389380 0.0705841705 -0.1956790984 -0.0153888920 -0.1499848813 0.4158001244 0.0326999836 -0.3905723702 0.9068346321 -0.1116794313 0.0000000000 0.0000000000 -0.1303957511
-0.7274646163 0.0095427716 -0.0022802015 -0.0074764737 -0.0032566076 0.1265396309 -0.3559007032 -0.0500126074 -0.0942601301 0.2233963892 -0.1042584562 -0.4183152491 0.9013731708 -0.1119766016 -0.9072671965 -0.4205341254 0.0041573441 -0.0433426638 0.1033317779 0.9937021471 -0.0344568449 -0.0714485992 -0.0525490100 0.0108088786 -0.0304262303 -0.0045745932 0.0276622809 0.0043752044 0.0698382184 -0.1936111152 -0.0152262580 -0.1483998001 0.4114058316 0.0323543996 -0.3899991017 0.9071649130 -0.1113437900 0.0000000000 0.0000000000 -0.1306013418
-0.7273809910 0.0093147894 -0.0021227417 -0.0077896481 -0.0032878399 0.1260618876 -0.3547683783 -0.0505333454 -0.0964077675 0.2285081719 -0.1040711791 -0.4180900188 0.9015246083 -0.1115980139 -0.9073709062 -0.4203123062 0.0039501777 -0.0433448362 0.1029123209 0.9937455808 -0.0365137549 -0.0796995881 -0.0537987038 0.0110887922 -0.0312281772 -0.0047491961 0.0280576963 0.0045134276 0.0691001490 -0.1915649623 -0.0150653422 -0.1468314677 0.4070579708 0.0320124663 -0.3894283630 0.9075035511 -0.1109670397 0.0000000000 0.0000000000 -0.1307933813
-0.7273068428 0.0090874163 -0.0019580249 -0.0080789952 -0.0033141850 0.1255734042 -0.3536105537 -0.0510530933 -0.0985560317 0.2335999553 -0.1038661908 -0.4178608252 0.9016826408 -0.1111788920 -0.9074767490 -0.4200857276 0.0037324970 -0.0433391380 0.1024519238 0.9937934003 -0.0384672620 -0.0877788927 -0.0550593200 0.0113699883 -0.0320346430 -0.0049272003 0.0284477007 0.0046535805 0.0683698729 -0.1895404607 -0.0149061270 -0.1452797055 0.4027560353 0.0316741504 -0.3888601174 0.9078502474 -0.1105500063 0.0000000000 0.0000000000 -0.1309716342
-0.7272409201 0.0088609373 -0.0017871689 -0.0083445907 -0.0033360596 0.1250741787 -0.3524273359 -0.0515717671 -0.1007044550 0.2386695372 -0.1036450072 -0.4176275816 0.9018471435 -0.1107200655 -0.9075847655 -0.4198542719 0.0035048286 -0.0433254729 0.1019515578 0.9938454524 -0.0403161607 -0.0956906167 -0.0563288952 0.0116523700 -0.0328453928 -0.0051085916 0.0288321730 0.0047956342 0.0676473230 -0.1875373274 -0.0147485947 -0.1437443495 0.3984996080 0.0313394070 -0.3882943288 0.9082046999 -0.1100934950 0.0000000000 0.0000000000 -0.1311359302
-0.7269372940 0.0085988753 -0.0019218600 -0.0084614074 -0.0033536428 0.1245642119 -0.3512188423 -0.0520892899 -0.1028525734 0.2437147844 -0.1034089518 -0.4173902097 0.9020179863 -0.1102223442 -0.9076949926 -0.4196178290 0.0032677053 -0.0433037318 0.1014121781 0.9939015831 -0.0420596445 -0.1034385820 -0.0576056296 0.0119358487 -0.0336601883 -0.0052933567 0.0292109959 0.0049395608 0.0669324026 -0.1855553836 -0.0145927267 -0.1422252059 0.3942881525 0.0310082044 -0.3877309610 0.9085666039 -0.1095982919 0.0000000000 0.0000000000 -0.1312861741
-0.7263282537 0.0083189178 -0.0024328332 -0.0083945207 -0.0033673516 0.1240435027 -0.3499851919 -0.0526055022 -0.1050014705 0.2487372363 -0.1031237565 -0.4171486233 0.9021949979 -0.1096868810 -0.9078074546 -0.4193763182 0.0030214498 -0.0432741434 0.1008349619 0.9939615983 -0.0437837983 -0.1108807759 -0.0588878171 0.0122203287 -0.0344788060 -0.0054814806 0.0295840874 0.0050853319 0.0662250444 -0.1835943758 -0.0144385071 -0.1407221258 0.3901211917 0.0306805000 -0.3871699245 0.9089355908 -0.1090655139 0.0000000000 0.0000000000 -0.1314322611
-0.7257568836 0.0081052193 -0.0028669606 -0.0083158780 -0.0033808223 0.1235120418 -0.3487264888 -0.0531200044 -0.1071530689 0.2537403315 -0.1027364797 -0.4169027031 0.9023779089 -0.1091157441 -0.9079221461 -0.4191297257 0.0027657921 -0.0432378622 0.1002216668 0.9940252033 -0.0456196558 -0.1178272074 -0.0601738815 0.0125057194 -0.0353010073 -0.0056729466 0.0299514402 0.0052329171 0.0655251592 -0.1816540956 -0.0142859165 -0.1392349452 0.3859982789 0.0303562600 -0.3866109883 0.9093111348 -0.1084971586 0.0000000000 0.0000000000 -0.1315889893
-0.7252317667 0.0079421671 -0.0032201745 -0.0082267756 -0.0033989418 0.1229698147 -0.3474428311 -0.0536322440 -0.1093073059 0.2587227595 -0.1022413442 -0.4166523187 0.9025664119 -0.1085113699 -0.9080390433 -0.4188780794 0.0025000857 -0.0431965409 0.0995742270 0.9940920642 -0.0475821651 -0.1243224213 -0.0614633851 0.0127919298 -0.0361265652 -0.0058677373 0.0303131007 0.0053822892 0.0648326650 -0.1797343194 -0.0141349388 -0.1377634555 0.3819189072 0.0300354455 -0.3860538536 0.9096926567 -0.1078955743 0.0000000000 0.0000000000 -0.1317575762
-0.7247512341 0.0078042652 -0.0035063629 -0.0081239492 -0.0034214125 0.1224168100 -0.3461343302 -0.0541417048 -0.1114636006 0.2636819111 -0.1016462295 -0.4163973587 0.9027602515 -0.1078757067 -0.9081581270 -0.4186213938 0.0022237687 -0.0431515487 0.0988941712 0.9941619017 -0.0496525736 -0.1304589825 -0.0627576813 0.0130788703 -0.0369552523 -0.0060658315 0.0306690894 0.0055334177 0.0641474947 -0.1778348386 -0.0139855566 -0.1363075376 0.3778826892 0.0297180228 -0.3854982764 0.9100796728 -0.1072626324 0.0000000000 0.0000000000 -0.1319353968
-0.7243123055 0.0076754969 -0.0037364338 -0.0080052391 -0.0034461480 0.1218530191 -0.3448011099 -0.0546479107 -0.1136214319 0.2686152458 -0.1009590979 -0.4161377213 0.9029592150 -0.1072103211 -0.9082793851 -0.4183596646 0.0019363739 -0.0431040073 0.0981827227 0.9942344781 -0.0518119971 -0.1363007405 -0.0640584074 0.0133664478 -0.0377868414 -0.0062672058 0.0310194194 0.0056862743 0.0634695664 -0.1759554297 -0.0138377529 -0.1348669976 0.3738891184 0.0294039529 -0.3849440586 0.9104717721 -0.1065998327 0.0000000000 0.0000000000 -0.1321199252
-0.7239117622 0.0075472053 -0.0039178529 -0.0078690816 -0.0034717778 0.1212784356 -0.3434433067 -0.0551504244 -0.1157803527 0.2735203375 -0.1001874323 -0.4158733100 0.9031631179 -0.1065165365 -0.9084028124 -0.4180928711 0.0016375239 -0.0430548534 0.0974409238 0.9943095826 -0.0540427530 -0.1418879865 -0.0653665314 0.0136545710 -0.0386211090 -0.0064718351 0.0313640721 0.0058408305 0.0627987981 -0.1740958691 -0.0136915110 -0.1334416866 0.3699377477 0.0290932041 -0.3843910350 0.9108685882 -0.1059084396 0.0000000000 0.0000000000 -0.1323088713
