# Actions and States
# action[0], ..., state[0], ..., command[0], ...
-0.8802124262 -0.1827663034 -0.0652564541 0.0267081261 -0.0418022685 -0.0628105185 0.1774474555 -0.3330422863 0.0000000000 0.0000000000 0.0000000000 -0.6383035392 0.7697847699 0.0000000000 -0.7697847699 -0.6383035392 0.0000000000 0.0000000000 0.0000000000 1.0000000000 0.0000000000 0.0000000000 0.0000000000 -0.0001570263 0.0004436186 -0.0008326057 0.1005384832 0.0002513462 0.0000000000 0.0000000000 0.0000000000 0.0000000000 0.0000000000 0.0000000000 -0.5578175953 0.8299635717 0.0000000000 0.0000000000 0.0000000000 0.0000000000
-0.8743503094 -0.1714348495 -0.0607294440 0.0264306422 -0.0410199873 -0.0628105184 0.1774474550 -0.3329467506 0.0000001339 -0.0000003751 0.0382142744 -0.6382920448 0.7697942939 -0.0001036048 -0.7697942999 -0.6382920447 0.0000377421 -0.0000370765 0.0001038449 0.9999999939 0.0150972787 0.0414417618 -0.0059717526 -0.0004710749 0.0013308448 -0.0024975576 0.1005235498 0.0007539699 0.0000000000 0.0000000000 0.0000000000 0.0000000000 0.0000000000 0.0000000000 -0.5578175913 0.8299635606 -0.0001068694 0.0000000000 0.0000000000 0.0000011608
-0.8681458831 -0.1604053527 -0.0562926792 0.0261524953 -0.0402410999 -0.0628105158 0.1774474478 -0.3326609002 0.0000010880 -0.0000030501 0.0761258916 -0.6382577537 0.7698226247 -0.0004078261 -0.7698227189 -0.6382577530 0.0001488254 -0.0001457290 0.0004089428 0.9999999058 0.0293409624 0.0802449850 -0.0118317508 -0.0007851118 0.0022180378 -0.0041614934 0.1004790185 0.0012563506 0.0000000000 0.0000000000 0.0000000000 0.0000000000 0.0000000000 0.0000000000 -0.5578175340 0.8299633997 -0.0004206978 0.0000000000 0.0000000000 0.0000088951
-0.8615826368 -0.1496871114 -0.0519528016 0.0258736201 -0.0394648612 -0.0628105047 0.1774474166 -0.3321862925 0.0000037001 -0.0000103902 0.1137171802 -0.6382010317 0.7698692316 -0.0008996497 -0.7698696904 -0.6382010276 0.0003290147 -0.0003208591 0.0009025905 0.9999995412 0.0427545343 0.1164772557 -0.0175804794 -0.0010991330 0.0031051859 -0.0058234450 0.1004054045 0.0017583104 0.0000000000 0.0000000000 0.0000000000 0.0000000000 0.0000000000 0.0000000000 -0.5578172975 0.8299627340 -0.0009280977 0.0000000000 0.0000000000 0.0000286447
-0.8540587425 -0.1393343508 -0.0481535979 0.0255800970 -0.0386908799 -0.0628104745 0.1774473319 -0.3315245755 0.0000088232 -0.0000248226 0.1509696196 -0.6381222112 0.7699334971 -0.0015664103 -0.7699348887 -0.6381221964 0.0005741789 -0.0005574817 0.0015724303 0.9999986083 0.0553623128 0.1502085364 -0.0232183167 -0.0014131384 0.0039922902 -0.0074824728 0.1003031875 0.0022597050 0.0000000000 0.0000000000 0.0000000000 0.0000000000 0.0000000000 0.0000000000 -0.5578166944 0.8299610306 -0.0016160307 0.0000000000 0.0000000000 0.0000647106
-0.8458116055 -0.1293261796 -0.0446338169 0.0252793189 -0.0379183963 -0.0628104106 0.1774471518 -0.3306775674 0.0000173494 -0.0000489054 0.1878336217 -0.6380215995 0.7700147387 -0.0023959812 -0.7700179961 -0.6380215600 0.0008801229 -0.0008509801 0.0024064861 0.9999967423 0.0671194408 0.1815824408 -0.0287455853 -0.0017271278 0.0048793484 -0.0091376454 0.1001728239 0.0027603928 0.0000000000 0.0000000000 0.0000000000 0.0000000000 0.0000000000 0.0000000000 -0.5578154917 0.8299576229 -0.0024719794 0.0000000000 0.0000000000 0.0001201969
-0.8370331526 -0.1196476296 -0.0412160344 0.0249765385 -0.0371472239 -0.0628102935 0.1774468214 -0.3296473037 0.0000302118 -0.0000853232 0.2242718615 -0.6378994863 0.7701122270 -0.0033768526 -0.7701187000 -0.6378993997 0.0012425238 -0.0011972095 0.0033931826 0.9999935265 0.0780242851 0.2107008186 -0.0341624990 -0.0020411010 0.0057663620 -0.0107880421 0.1000147703 0.0032602341 0.0000000000 0.0000000000 0.0000000000 0.0000000000 0.0000000000 0.0000000000 -0.5578134241 0.8299517497 -0.0034840200 0.0000000000 0.0000000000 0.0001971827
-0.8277009130 -0.1103007793 -0.0379019566 0.0246720426 -0.0363770016 -0.0628100992 0.1774462720 -0.3284359817 0.0000483830 -0.0001368769 0.2602569302 -0.6377561492 0.7702252025 -0.0044979552 -0.7702366902 -0.6377559839 0.0016571144 -0.0015922466 0.0045213250 0.9999885111 0.0881045938 0.2376369718 -0.0394692453 -0.0023550577 0.0066533284 -0.0124327512 0.0998294595 0.0037590922 0.0000000000 0.0000000000 0.0000000000 0.0000000000 0.0000000000 0.0000000000 -0.5578102061 0.8299425895 -0.0046406649 0.0000000000 0.0000000000 0.0002969199
-0.8177935481 -0.1012862027 -0.0346923694 0.0243657120 -0.0356078297 -0.0628097985 0.1774454207 -0.3270459388 0.0000728848 -0.0002065114 0.2957602679 -0.6375918591 0.7703528899 -0.0057485890 -0.7703716577 -0.6375915743 0.0021197594 -0.0020322891 0.0057800913 0.9999812300 0.0973885926 0.2624646373 -0.0446659598 -0.0026689975 0.0075402469 -0.0140708759 0.0996173481 0.0042568319 0.0000000000 0.0000000000 0.0000000000 0.0000000000 0.0000000000 0.0000000000 -0.5578055419 0.8299292905 -0.0059308006 0.0000000000 0.0000000000 0.0004199187
-0.8072917461 -0.0926031992 -0.0315879397 0.0240579378 -0.0348396040 -0.0628093571 0.1774441691 -0.3254796576 0.0001047928 -0.0002973281 0.3307522227 -0.6374068849 0.7704945108 -0.0071184238 -0.7705232927 -0.6374064301 0.0026264588 -0.0025136570 0.0071590342 0.9999712145 0.1059048903 0.2852576033 -0.0497527926 -0.0029829200 0.0084271170 -0.0157015268 0.0993788456 0.0047533204 0.0000000000 0.0000000000 0.0000000000 0.0000000000 0.0000000000 0.0000000000 -0.5577991352 0.8299109965 -0.0073436884 0.0000000000 0.0000000000 0.0005660556
-0.7961773276 -0.0842493623 -0.0285887830 0.0237488355 -0.0340724215 -0.0628087352 0.1774424034 -0.3237397718 0.0001452397 -0.0004125967 0.3652021573 -0.6372014972 0.7706492944 -0.0085974985 -0.7706912833 -0.6372008127 0.0031733509 -0.0030327924 0.0086480810 0.9999580056 0.1136822791 0.3060894842 -0.0547298789 -0.0032968239 0.0093139336 -0.0173238330 0.0991143969 0.0052484272 0.0000000000 0.0000000000 0.0000000000 0.0000000000 0.0000000000 0.0000000000 -0.5577906964 0.8298868690 -0.0088689647 0.0000000000 0.0000000000 0.0007346726
-0.7844346762 -0.0762223750 -0.0256947372 0.0234385692 -0.0333065391 -0.0628078871 0.1774399925 -0.3218290702 0.0001954185 -0.0005557647 0.3990785086 -0.6369759715 0.7708164868 -0.0101762183 -0.7708753145 -0.6369749890 0.0037567139 -0.0035862595 0.0102375320 0.9999411641 0.1207495490 0.3250333544 -0.0595973677 -0.0036107083 0.0102006961 -0.0189369284 0.0988244348 0.0057420242 0.0000000000 0.0000000000 0.0000000000 0.0000000000 0.0000000000 0.0000000000 -0.5577799494 0.8298561057 -0.0104966397 0.0000000000 0.0000000000 0.0009246673
-0.7720501423 -0.0685169995 -0.0229052342 0.0231274813 -0.0325421691 -0.0628067609 0.1774367880 -0.3197505018 0.0002565853 -0.0007304661 0.4323489212 -0.6367305908 0.7709953582 -0.0118453522 -0.7710750675 -0.6367292340 0.0043729674 -0.0041707444 0.0119180579 0.9999202792 0.1271355159 0.3421617373 -0.0643554447 -0.0039245724 0.0110873999 -0.0205399711 0.0985094159 0.0062339846 0.0000000000 0.0000000000 0.0000000000 0.0000000000 0.0000000000 0.0000000000 -0.5577666368 0.8298179561 -0.0122170945 0.0000000000 0.0000000000 0.0011345766
-0.7590141296 -0.0611295290 -0.0202197284 0.0228157397 -0.0317795016 -0.0628052985 0.1774326226 -0.3175071788 0.0003300604 -0.0009405265 0.4649803503 -0.6364656475 0.7711852096 -0.0135960278 -0.7712902190 -0.6364638332 0.0050186724 -0.0047830541 0.0136806959 0.9998949750 0.1328686370 0.3575460473 -0.0690043260 -0.0042384141 0.0119740423 -0.0221321285 0.0981697848 0.0067241855 0.0000000000 0.0000000000 0.0000000000 0.0000000000 0.0000000000 0.0000000000 -0.5577505247 0.8297717335 -0.0140210782 0.0000000000 0.0000000000 0.0013626481
-0.7453201413 -0.0540536530 -0.0176377781 0.0225036852 -0.0310189407 -0.0628034348 0.1774273094 -0.3151023799 0.0004172293 -0.0011899664 0.4969392722 -0.6361814454 0.7713853774 -0.0154197269 -0.7715204410 -0.6361790841 0.0056905311 -0.0054201153 0.0155168448 0.9998649158 0.1379771979 0.3712568731 -0.0735442548 -0.0045522321 0.0128606148 -0.0237125866 0.0978059980 0.0072125054 0.0000000000 0.0000000000 0.0000000000 0.0000000000 0.0000000000 0.0000000000 -0.5577314054 0.8297168252 -0.0158997035 0.0000000000 0.0000000000 0.0016069094
-0.7309654355 -0.0472825430 -0.0151573373 0.0221917145 -0.0302607957 -0.0628010977 0.1774206411 -0.3125395524 0.0005195418 -0.0014830002 0.5281918457 -0.6358783006 0.7715952374 -0.0173082796 -0.7717654002 -0.6358752975 0.0063853861 -0.0060789740 0.0174182598 0.9998298107 0.1424888879 0.3833635477 -0.0779755320 -0.0048660235 0.0137471128 -0.0252805427 0.0974185237 0.0076988249 0.0000000000 0.0000000000 0.0000000000 0.0000000000 0.0000000000 0.0000000000 -0.5577091009 0.8296526997 -0.0178444423 0.0000000000 0.0000000000 0.0018652218
-0.7159523368 -0.0408099666 -0.0127772978 0.0218800586 -0.0295053162 -0.0627982078 0.1774123887 -0.3098223128 0.0006385103 -0.0018240332 0.5587041064 -0.6355565421 0.7718142074 -0.0192538574 -0.7720247584 -0.6355527982 0.0071002187 -0.0067567933 0.0193770450 0.9997894158 0.1464309779 0.3939338361 -0.0822985029 -0.0051797861 0.0146335317 -0.0268352255 0.0970078416 0.0081830265 0.0000000000 0.0000000000 0.0000000000 0.0000000000 0.0000000000 0.0000000000 -0.5576834641 0.8295789122 -0.0198471193 0.0000000000 0.0000000000 0.0021353360
-0.7002873421 -0.0346279889 -0.0104961786 0.0215691738 -0.0287531186 -0.0627946779 0.1774023006 -0.3069544473 0.0007757064 -0.0022176528 0.5884422298 -0.6352165127 0.7720417498 -0.0212489657 -0.7722981722 -0.6352119258 0.0078321474 -0.0074508517 0.0213856467 0.9997435366 0.1498302165 0.4030341853 -0.0865135480 -0.0054935170 0.0155198574 -0.0283758640 0.0965744375 0.0086649971 0.0000000000 0.0000000000 0.0000000000 0.0000000000 0.0000000000 0.0000000000 -0.5576543805 0.8294951079 -0.0218999060 0.0000000000 0.0000000000 0.0024149366
-0.6839820147 -0.0287283882 -0.0083118398 0.0212594047 -0.0280044116 -0.0627904127 0.1773901021 -0.3039399103 0.0009327564 -0.0026686170 0.6173727468 -0.6348585691 0.7722773719 -0.0232864368 -0.7725852934 -0.6348530343 0.0085784254 -0.0081585412 0.0234368455 0.9996920288 0.1527126235 0.4107293814 -0.0906211364 -0.0058072130 0.0164060853 -0.0299017187 0.0961188088 0.0091446242 0.0000000000 0.0000000000 0.0000000000 0.0000000000 0.0000000000 0.0000000000 -0.5576217682 0.8294010240 -0.0239953137 0.0000000000 0.0000000000 0.0027016781
-0.6670535803 -0.0231031328 -0.0062224618 0.0209511537 -0.0272596870 -0.0627853087 0.1773754942 -0.3007828219 0.0011113349 -0.0031818386 0.6454628063 -0.6344830813 0.7725206271 -0.0253594207 -0.7728857690 -0.6344764920 0.0093364380 -0.0088773653 0.0255237473 0.9996347987 0.1551035413 0.4170824125 -0.0946217666 -0.0061208699 0.0172922015 -0.0314120688 0.0956414586 0.0096217990 0.0000000000 0.0000000000 0.0000000000 0.0000000000 0.0000000000 0.0000000000 -0.5575855788 0.8292964899 -0.0261261862 0.0000000000 0.0000000000 0.0029932201
-0.6495244503 -0.0177435558 -0.0042257803 0.0206449386 -0.0265192464 -0.0627792541 0.1773581530 -0.2974874643 0.0013131570 -0.0037623635 0.6726804673 -0.6340904330 0.7727711146 -0.0274613768 -0.7731992421 -0.6340826817 0.0101036995 -0.0096049364 0.0276397749 0.9995718023 0.1570275842 0.4221545561 -0.0985160076 -0.0064344835 0.0181781929 -0.0329062119 0.0951429078 0.0100964138 0.0000000000 0.0000000000 0.0000000000 0.0000000000 0.0000000000 0.0000000000 -0.5575457966 0.8291814267 -0.0282856918 0.0000000000 0.0000000000 0.0032872551
-0.6314223409 -0.0126407966 -0.0023197276 0.0203409903 -0.0257835723 -0.0627721283 0.1773377290 -0.2940582764 0.0015399690 -0.0044153461 0.6989949665 -0.6336810208 0.7730284786 -0.0295860651 -0.7735253516 -0.6336719994 0.0108778500 -0.0103389732 0.0297786585 0.9995030451 0.1585086039 0.4260052115 -0.1023044714 -0.0067480477 0.0190640464 -0.0343834683 0.0946236714 0.0105683652 0.0000000000 0.0000000000 0.0000000000 0.0000000000 0.0000000000 0.0000000000 -0.5575024379 0.8290558449 -0.0304673145 0.0000000000 0.0000000000 0.0035815322
-0.6127810478 -0.0077855643 -0.0005013475 0.0200400017 -0.0250529274 -0.0627638018 0.1773138468 -0.2904998472 0.0017935379 -0.0051460204 0.7243769922 -0.6332552534 0.7732924075 -0.0317275365 -0.7738637331 -0.6332448539 0.0116566522 -0.0110772986 0.0319344261 0.9994285797 0.1595696101 0.4286918995 -0.1059878389 -0.0070615578 0.0199497435 -0.0358431786 0.0940842876 0.0110375520 0.0000000000 0.0000000000 0.0000000000 0.0000000000 0.0000000000 0.0000000000 -0.5574555501 0.8289198422 -0.0326648464 0.0000000000 0.0000000000 0.0038738745
-0.5936382413 -0.0031688777 0.0012318201 0.0197422653 -0.0243277606 -0.0627541364 0.1772861049 -0.2868169081 0.0020756384 -0.0059596652 0.7487989968 -0.6328135514 0.7735626325 -0.0338801233 -0.7742140195 -0.6328016660 0.0124379874 -0.0118178362 0.0341013934 0.9993485046 0.1602328446 0.4302700668 -0.1095668285 -0.0073750075 0.0208352692 -0.0372847170 0.0935252891 0.0115038757 0.0000000000 0.0000000000 0.0000000000 0.0000000000 0.0000000000 0.0000000000 -0.5574052106 0.8287735998 -0.0348723773 0.0000000000 0.0000000000 0.0041621981
-0.5740380883 0.0012178473 0.0028816629 0.0194482449 -0.0236084312 -0.0627429851 0.1772540750 -0.2830143230 0.0023880410 -0.0068615698 0.7722353962 -0.6323563457 0.7738389262 -0.0360384294 -0.7745758410 -0.6323428675 0.0132198519 -0.0125586078 0.0362741540 0.9992629619 0.1605197254 0.4307932155 -0.1130422229 -0.0076883892 0.0217205994 -0.0387074649 0.0929472199 0.0119672385 0.0000000000 0.0000000000 0.0000000000 0.0000000000 0.0000000000 0.0000000000 -0.5573515248 0.8286173784 -0.0370842862 0.0000000000 0.0000000000 0.0044445227
-0.5540273786 0.0053842659 0.0044519892 0.0191585217 -0.0228951946 -0.0627301920 0.1772173027 -0.2790970783 0.0027324962 -0.0078569916 0.7946629032 -0.6318840773 0.7741211001 -0.0381973208 -0.7749488262 -0.6318689001 0.0140003534 -0.0132977301 0.0384475694 0.9991721347 0.1604507884 0.4303130617 -0.1164148559 -0.0080016963 0.0226057135 -0.0401108451 0.0923506361 0.0124275503 0.0000000000 0.0000000000 0.0000000000 0.0000000000 0.0000000000 0.0000000000 -0.5572946249 0.8284515138 -0.0392952317 0.0000000000 0.0000000000 0.0047189784
-0.5336585045 0.0093393242 0.0059442315 0.0188733321 -0.0221883655 -0.0627155924 0.1771753075 -0.2750702705 0.0031107209 -0.0089511176 0.8160606612 -0.6313971959 0.7744090030 -0.0403519159 -0.7753326024 -0.6313802143 0.0147777070 -0.0140334120 0.0406167587 0.9990762445 0.1600458565 0.4288790749 -0.1196855980 -0.0083149178 0.0234905891 -0.0414942950 0.0917360876 0.0128847174 0.0000000000 0.0000000000 0.0000000000 0.0000000000 0.0000000000 0.0000000000 -0.5572346682 0.8282764119 -0.0415001428 0.0000000000 0.0000000000 0.0049838209
-0.5129857659 0.0130917057 0.0073622982 0.0185932573 -0.0214883648 -0.0626990134 0.1771275830 -0.2709390937 0.0035243820 -0.0101490177 0.8364105311 -0.6308961590 0.7747025188 -0.0424975752 -0.7757267962 -0.6308772686 0.0155502308 -0.0147639512 0.0427770888 0.9989755485 0.1593237151 0.4265389478 -0.1228553645 -0.0086280471 0.0243751928 -0.0428572781 0.0911041362 0.0133386534 0.0000000000 0.0000000000 0.0000000000 0.0000000000 0.0000000000 0.0000000000 -0.5571718346 0.8280925439 -0.0436942086 0.0000000000 0.0000000000 0.0052374214
-0.4890471399 0.0164568573 0.0085099675 0.0182357561 -0.0207954049 -0.0626802738 0.1770735981 -0.2667088257 0.0039750816 -0.0114556039 0.8556971871 -0.6303814309 0.7750015641 -0.0446298924 -0.7761310339 -0.6303605279 0.0163163424 -0.0154877316 0.0449241638 0.9988703368 0.1583025722 0.4233382908 -0.1259251309 -0.0089410711 0.0252594985 -0.0441992879 0.0904553379 0.0137892743 0.0000000000 0.0000000000 0.0000000000 0.0000000000 0.0000000000 0.0000000000 -0.5571063251 0.8279004408 -0.0458728691 0.0000000000 0.0000000000 0.0054782889
-0.4638727903 0.0195943043 0.0095416214 0.0178593677 -0.0201098062 -0.0626591783 0.1770127797 -0.2623852027 0.0044668128 -0.0128827564 0.8737525674 -0.6298534790 0.7753060783 -0.0467448391 -0.7765449421 -0.6298304637 0.0170745391 -0.0162033297 0.0470539262 0.9987609224 0.1569933383 0.4193830866 -0.1288959030 -0.0092539806 0.0261434745 -0.0455198474 0.0897902661 0.0142364977 0.0000000000 0.0000000000 0.0000000000 0.0000000000 0.0000000000 0.0000000000 -0.5570383521 0.8277006756 -0.0480319579 0.0000000000 0.0000000000 0.0057045016
-0.4386935532 0.0225903559 0.0105388612 0.0174962711 -0.0194317512 -0.0626355154 0.1769445057 -0.2579745395 0.0050021273 -0.0144382120 0.8905133506 -0.6293127714 0.7756160186 -0.0488387914 -0.7769681482 -0.6292875523 0.0178233888 -0.0169095377 0.0491626715 0.9986476352 0.1554105949 0.4147292413 -0.1317687325 -0.0095667625 0.0270270817 -0.0468185022 0.0891094826 0.0146802440 0.0000000000 0.0000000000 0.0000000000 0.0000000000 0.0000000000 0.0000000000 -0.5569681334 0.8274938523 -0.0501677271 0.0000000000 0.0000000000 0.0059146325
-0.4136140049 0.0254514404 0.0115026450 0.0171469543 -0.0187616237 -0.0626090635 0.1768681226 -0.2534833085 0.0055825429 -0.0161267272 0.9059796986 -0.6287597785 0.7759313644 -0.0509083373 -0.7774002809 -0.6287322740 0.0185615428 -0.0176052314 0.0512469073 0.9985308259 0.1535705516 0.4094058771 -0.1345446969 -0.0098794037 0.0279102847 -0.0480948389 0.0884135607 0.0151204364 0.0000000000 0.0000000000 0.0000000000 0.0000000000 0.0000000000 0.0000000000 -0.5568958985 0.8272806130 -0.0522766576 0.0000000000 0.0000000000 0.0061076002
-0.3887329698 0.0281838104 0.0124347322 0.0168118495 -0.0180995706 -0.0625795936 0.1767829543 -0.2489179681 0.0062094036 -0.0179525696 0.9201571663 -0.6281949729 0.7762521185 -0.0529502071 -0.7778409713 -0.6281651109 0.0192877385 -0.0182893248 0.0533033009 0.9984108667 0.1514886220 0.4034408700 -0.1372249289 -0.0101918895 0.0287930388 -0.0493484735 0.0877030682 0.0155570037 0.0000000000 0.0000000000 0.0000000000 0.0000000000 0.0000000000 0.0000000000 -0.5568218896 0.8270616385 -0.0543553897 0.0000000000 0.0000000000 0.0062824503
-0.3641445935 0.0307932477 0.0133358780 0.0164913349 -0.0174458157 -0.0625468706 0.1766883047 -0.2442849360 0.0068838661 -0.0199194782 0.9330563996 -0.6276188291 0.7765783055 -0.0549612668 -0.7782898526 -0.6275865466 0.0200007954 -0.0189607678 0.0553286720 0.9982881485 0.1491795854 0.3968607679 -0.1398105818 -0.0105042029 0.0296752974 -0.0505790412 0.0869785785 0.0159898731 0.0000000000 0.0000000000 0.0000000000 0.0000000000 0.0000000000 0.0000000000 -0.5567463606 0.8268376438 -0.0564007169 0.0000000000 0.0000000000 0.0064383603
-0.3399362564 0.0332849473 0.0142070577 0.0161857270 -0.0168004464 -0.0625106540 0.1765834605 -0.2395905647 0.0076068868 -0.0220306255 0.9446928892 -0.6270318218 0.7769099692 -0.0569385121 -0.7787465615 -0.6269970646 0.0206996114 -0.0196185455 0.0573199855 0.9981630788 0.1466574730 0.3896910188 -0.1423028412 -0.0108163301 0.0305570159 -0.0517862290 0.0862406475 0.0164189776 0.0000000000 0.0000000000 0.0000000000 0.0000000000 0.0000000000 0.0000000000 -0.5566695755 0.8266093741 -0.0584095786 0.0000000000 0.0000000000 0.0065746274
-0.3161862791 0.0356636643 0.0150495227 0.0158952828 -0.0161636807 -0.0624706991 0.1764676940 -0.2348411180 0.0083792135 -0.0242885910 0.9550866166 -0.6264344262 0.7772471715 -0.0588790634 -0.7792107379 -0.6263971475 0.0213831595 -0.0202616771 0.0592743457 0.9980360797 0.1439356879 0.3819560437 -0.1447029050 -0.0111282496 0.0314381383 -0.0529697500 0.0854898487 0.0168442531 0.0000000000 0.0000000000 0.0000000000 0.0000000000 0.0000000000 0.0000000000 -0.5565918070 0.8263776002 -0.0603790547 0.0000000000 0.0000000000 0.0066906699
-0.2929652631 0.0379336104 0.0158630721 0.0156200891 -0.0155357048 -0.0624267580 0.1763402661 -0.2300427497 0.0092013809 -0.0266953483 0.9642615823 -0.6258271167 0.7775899897 -0.0607801603 -0.7796820254 -0.6257872764 0.0220504850 -0.0208892146 0.0611889899 0.9979075850 0.1410271139 0.3736792759 -0.1470120022 -0.0114399446 0.0323186107 -0.0541293398 0.0847267380 0.0172656365 0.0000000000 0.0000000000 0.0000000000 0.0000000000 0.0000000000 0.0000000000 -0.5565133353 0.8261431145 -0.0623063599 0.0000000000 0.0000000000 0.0067860280
-0.2703355551 0.0400982797 0.0166490544 0.0153603451 -0.0149165159 -0.0623785808 0.1762004291 -0.2252014844 0.0100737072 -0.0292522552 0.9722454033 -0.6252103660 0.7779385156 -0.0626391577 -0.7801600719 -0.6251679297 0.0227007018 -0.0215002423 0.0630612839 0.9977780385 0.1379439357 0.3648834640 -0.1492313886 -0.0117513947 0.0331983641 -0.0552647784 0.0839518712 0.0176830692 0.0000000000 0.0000000000 0.0000000000 0.0000000000 0.0000000000 0.0000000000 -0.5564344464 0.8259067270 -0.0641888391 0.0000000000 0.0000000000 0.0068603462
-0.2483498603 0.0421616398 0.0174071379 0.0151161896 -0.0143061765 -0.0623259163 0.1760474306 -0.2203232010 0.0109962938 -0.0319600518 0.9790688830 -0.6245846450 0.7782928528 -0.0644535223 -0.7806445297 -0.6245395822 0.0233329903 -0.0220938763 0.0648887171 0.9976478913 0.1346980107 0.3555905797 -0.1513623195 -0.0120625757 0.0340773463 -0.0563758537 0.0831657985 0.0180964940 0.0000000000 0.0000000000 0.0000000000 0.0000000000 0.0000000000 0.0000000000 -0.5563554308 0.8256692608 -0.0660239627 0.0000000000 0.0000000000 0.0069133912
-0.2270524651 0.0441263579 0.0181379095 0.0148875313 -0.0137049016 -0.0622685134 0.1758805155 -0.2154136174 0.0119690292 -0.0348188703 0.9847655109 -0.6239504215 0.7786531149 -0.0662208286 -0.7811350561 -0.6239027045 0.0239465939 -0.0226692641 0.0666688980 0.9975176001 0.1313005031 0.3458219727 -0.1534060590 -0.0123734660 0.0349554867 -0.0574624017 0.0823690700 0.0185058592 0.0000000000 0.0000000000 0.0000000000 0.0000000000 0.0000000000 0.0000000000 -0.5562765824 0.8254315486 -0.0678093223 0.0000000000 0.0000000000 0.0069450225
-0.2064792961 0.0459947772 0.0188409705 0.0146743339 -0.0131126866 -0.0622061222 0.1756989299 -0.2104782784 0.0129915926 -0.0378282480 0.9893710248 -0.6233081599 0.7790194242 -0.0679387562 -0.7816313134 -0.6232577623 0.0245408170 -0.0232255841 0.0683995507 0.9973876246 0.1277622324 0.3355984698 -0.1553639021 -0.0126840416 0.0358327106 -0.0585242882 0.0815622180 0.0189111116 0.0000000000 0.0000000000 0.0000000000 0.0000000000 0.0000000000 0.0000000000 -0.5561981966 0.8251944285 -0.0695426276 0.0000000000 0.0000000000 0.0069552084
-0.1866590977 0.0477695502 0.0195167810 0.0144764995 -0.0125295380 -0.0621384947 0.1755019233 -0.2055225459 0.0140634616 -0.0409871452 0.9929229773 -0.6226583200 0.7793919093 -0.0696050881 -0.7821329693 -0.6226052152 0.0251150221 -0.0237620458 0.0700785117 0.9972584256 0.1240935427 0.3249405724 -0.1572371430 -0.0129942773 0.0367089435 -0.0595613904 0.0807457868 0.0193122053 0.0000000000 0.0000000000 0.0000000000 0.0000000000 0.0000000000 0.0000000000 -0.5561205694 0.8249587397 -0.0712217028 0.0000000000 0.0000000000 0.0069440112
-0.1676124036 0.0494521596 0.0201645382 0.0142939920 -0.0119555732 -0.0620653863 0.1752887521 -0.2005515900 0.0151839181 -0.0442939666 0.9954603632 -0.6220013571 0.7797707034 -0.0712177077 -0.7826396973 -0.6219455167 0.0256686281 -0.0242778899 0.0717037267 0.9971304627 0.1203044093 0.3138682796 -0.1590270770 -0.0133041451 0.0375841036 -0.0605736226 0.0799203031 0.0197090926 0.0000000000 0.0000000000 0.0000000000 0.0000000000 0.0000000000 0.0000000000 -0.5560439955 0.8247253194 -0.0728444838 0.0000000000 0.0000000000 0.0069115898
-0.1493529081 0.0510444082 0.0207844097 0.0141265970 -0.0113907037 -0.0619865562 0.1750586819 -0.1955703836 0.0163520593 -0.0477465897 0.9970231943 -0.6213377207 0.7801559426 -0.0727745979 -0.7831511767 -0.6212791131 0.0262011073 -0.0247723881 0.0732732483 0.9970041925 0.1164043795 0.3024014752 -0.1607350160 -0.0136136170 0.0384581164 -0.0615609214 0.0790862759 0.0201017316 0.0000000000 0.0000000000 0.0000000000 0.0000000000 0.0000000000 0.0000000000 -0.5559687675 0.8244949986 -0.0744090159 0.0000000000 0.0000000000 0.0068581879
-0.1318896562 0.0525481440 0.0213762689 0.0139740948 -0.0108350217 -0.0619017686 0.1748109900 -0.1905836978 0.0175668078 -0.0513423952 0.9976521458 -0.6206678540 0.7805477639 -0.0742738396 -0.7836670931 -0.6206064429 0.0267119840 -0.0252448440 0.0747852338 0.9968800663 0.1124026992 0.2905597314 -0.1623622594 -0.0139226653 0.0393308885 -0.0625232533 0.0782442261 0.0204900806 0.0000000000 0.0000000000 0.0000000000 0.0000000000 0.0000000000 0.0000000000 -0.5558951742 0.8242685986 -0.0759134518 0.0000000000 0.0000000000 0.0067841385
-0.1166526228 0.0547013618 0.0230709389 0.0136345616 -0.0102883447 -0.0618107935 0.1745449682 -0.1855960992 0.0188269202 -0.0550782916 0.9973883154 -0.6199921934 0.7809463038 -0.0757136102 -0.7841871384 -0.6199279367 0.0272008324 -0.0256945926 0.0762379431 0.9967585284 0.1083082546 0.2783623428 -0.1639101197 -0.0142312571 0.0402023345 -0.0634606034 0.0773946511 0.0208741045 0.0000000000 0.0000000000 0.0000000000 0.0000000000 0.0000000000 0.0000000000 -0.5558234993 0.8240469271 -0.0773560485 0.0000000000 0.0000000000 0.0066898545
-0.1024826095 0.0568879731 0.0249171518 0.0132640954 -0.0097507983 -0.0617134124 0.1742599390 -0.1806117650 0.0201290791 -0.0589450743 0.9963463414 -0.6193111871 0.7813517525 -0.0770914552 -0.7847110174 -0.6192439966 0.0276675246 -0.0261203519 0.0776293217 0.9966400632 0.1042299720 0.2655365121 -0.1653798832 -0.0145393647 0.0410723574 -0.0643729717 0.0765380306 0.0212537656 0.0000000000 0.0000000000 0.0000000000 0.0000000000 0.0000000000 0.0000000000 -0.5557540901 0.8238308630 -0.0787344664 0.0000000000 0.0000000000 0.0065854062
-0.0889614969 0.0588944294 0.0265834983 0.0129187899 -0.0092210472 -0.0616094201 0.1739552608 -0.1756344487 0.0214712487 -0.0629374751 0.9945811437 -0.6186252998 0.7817643663 -0.0784041713 -0.7852384490 -0.6185549922 0.0281122719 -0.0265201192 0.0789569325 0.9965252059 0.1001928963 0.2520545153 -0.1667728544 -0.0148469526 0.0419408642 -0.0652603954 0.0756747861 0.0216290317 0.0000000000 0.0000000000 0.0000000000 0.0000000000 0.0000000000 0.0000000000 -0.5556873729 0.8236213745 -0.0800456548 0.0000000000 0.0000000000 0.0064732869
-0.0760846585 0.0607267022 0.0280770697 0.0125983460 -0.0086987047 -0.0614986206 0.1736303156 -0.1706676831 0.0228517417 -0.0670514569 0.9921260766 -0.6179349918 0.7821844039 -0.0796486301 -0.7857691591 -0.6178612813 0.0285353412 -0.0268919058 0.0802184230 0.9964144871 0.0961923476 0.2379737787 -0.1680901468 -0.0151539873 0.0428077504 -0.0661229044 0.0748053446 0.0219998709 0.0000000000 0.0000000000 0.0000000000 0.0000000000 0.0000000000 0.0000000000 -0.5556237765 0.8234194212 -0.0812866440 0.0000000000 0.0000000000 0.0063532026
-0.0638441592 0.0623896569 0.0294053927 0.0123020010 -0.0081838993 -0.0613808270 0.1732845065 -0.1657148347 0.0242686831 -0.0712826181 0.9890142099 -0.6172407125 0.7826121068 -0.0808219842 -0.7863028782 -0.6171632157 0.0289369817 -0.0272339234 0.0814116420 0.9963084151 0.0922238687 0.2233496630 -0.1693328189 -0.0154604372 0.0436729193 -0.0669605732 0.0739301217 0.0223662565 0.0000000000 0.0000000000 0.0000000000 0.0000000000 0.0000000000 0.0000000000 -0.5555637087 0.8232259232 -0.0824547423 0.0000000000 0.0000000000 0.0062248794
-0.0522321761 0.0638892800 0.0305755660 0.0120293908 -0.0076765507 -0.0612558621 0.1729172591 -0.1607791060 0.0257200263 -0.0756262252 0.9852781594 -0.6165428990 0.7830476970 -0.0819216570 -0.7868393420 -0.6164611411 0.0293174259 -0.0275445753 0.0825346335 0.9962074737 0.0882834694 0.2082355966 -0.1705019474 -0.0157662630 0.0445362628 -0.0677734911 0.0730495328 0.0227281605 0.0000000000 0.0000000000 0.0000000000 0.0000000000 0.0000000000 0.0000000000 -0.5555075533 0.8230417562 -0.0835475255 0.0000000000 0.0000000000 0.0060880874
-0.0412379429 0.0652306005 0.0315940343 0.0117798550 -0.0071769967 -0.0611235593 0.1725280240 -0.1558635375 0.0272035652 -0.0800772333 0.9809500938 -0.6158419749 0.7834913743 -0.0829453329 -0.7873782911 -0.6157553969 0.0296768912 -0.0278224481 0.0835856298 0.9961121191 0.0843673899 0.1926829390 -0.1715985975 -0.0160714313 0.0453976691 -0.0685617253 0.0721639816 0.0230855565 0.0000000000 0.0000000000 0.0000000000 0.0000000000 0.0000000000 0.0000000000 -0.5554556676 0.8228677470 -0.0845628255 0.0000000000 0.0000000000 0.0059426280
-0.0308500510 0.0664190054 0.0324678794 0.0115527883 -0.0066848849 -0.0609837635 0.1721162771 -0.1509710103 0.0287169509 -0.0846303194 0.9760615850 -0.6151383494 0.7839433144 -0.0838909468 -0.7879194716 -0.6150463164 0.0300155804 -0.0280663042 0.0845630450 0.9960227778 0.0804721282 0.1767412420 -0.1726238827 -0.0163759030 0.0462570339 -0.0693254024 0.0712738779 0.0234384248 0.0000000000 0.0000000000 0.0000000000 0.0000000000 0.0000000000 0.0000000000 -0.5554083802 0.8227046694 -0.0854987200 0.0000000000 0.0000000000 0.0057883395
-0.0210547447 0.0674581975 0.0332038365 0.0113476403 -0.0062004952 -0.0608363317 0.1716815221 -0.1461042493 0.0302577064 -0.0892799078 0.9706435771 -0.6144324156 0.7844036669 -0.0847566747 -0.7884626350 -0.6143342257 0.0303336831 -0.0282750739 0.0854654693 0.9959398444 0.0765945076 0.1604580973 -0.1735788663 -0.0166796427 0.0471142381 -0.0700646415 0.0703796195 0.0237867432 0.0000000000 0.0000000000 0.0000000000 0.0000000000 0.0000000000 0.0000000000 -0.5553659892 0.8225532404 -0.0863535218 0.0000000000 0.0000000000 0.0056251083
-0.0118388813 0.0683544800 0.0338078849 0.0111637386 -0.0057236855 -0.0606811333 0.1712232909 -0.1412658264 0.0318232432 -0.0940202029 0.9647262681 -0.6137245505 0.7848725542 -0.0855409246 -0.7890075387 -0.6136194444 0.0306313774 -0.0284478472 0.0862916627 0.9958636799 0.0727318548 0.1438794880 -0.1744646513 -0.0169826113 0.0479691625 -0.0707795843 0.0694815985 0.0241304934 0.0000000000 0.0000000000 0.0000000000 0.0000000000 0.0000000000 0.0000000000 -0.5553287601 0.8224141173 -0.0871257694 0.0000000000 0.0000000000 0.0054528879
-0.0031879223 0.0691108480 0.0342858322 0.0110004665 -0.0052547059 -0.0605180511 0.1707411447 -0.1364581645 0.0334108744 -0.0988452094 0.9583391437 -0.6130151135 0.7853500695 -0.0862423272 -0.7895539457 -0.6129022850 0.0309088304 -0.0285838673 0.0870405499 0.9957946100 0.0688815092 0.1270494284 -0.1752823207 -0.0172847658 0.0488216951 -0.0714703724 0.0685802010 0.0244696587 0.0000000000 0.0000000000 0.0000000000 0.0000000000 0.0000000000 0.0000000000 -0.5552969249 0.8222878948 -0.0878142171 0.0000000000 0.0000000000 0.0052716626
0.0049138605 0.0697328225 0.0346442461 0.0108571425 -0.0047933543 -0.0603469817 0.1702346754 -0.1316835408 0.0350178305 -0.1037487614 0.9515109084 -0.6123044463 0.7858362761 -0.0868597273 -0.7901016251 -0.6121830528 0.0311661993 -0.0286825230 0.0877112141 0.9957329239 0.0650412598 0.1100105820 -0.1760329929 -0.0175860729 0.0496717170 -0.0721371770 0.0676758250 0.0248042224 0.0000000000 0.0000000000 0.0000000000 0.0000000000 0.0000000000 0.0000000000 -0.5552706811 0.8221751029 -0.0884178262 0.0000000000 0.0000000000 0.0050814855
0.0124812359 0.0702244416 0.0348890834 0.0107331453 -0.0043397611 -0.0601678353 0.1697035061 -0.1269440912 0.0366412747 -0.1087245506 0.9442694277 -0.6115928723 0.7863312064 -0.0873921760 -0.7906503518 -0.6114620454 0.0314036327 -0.0287433423 0.0883028926 0.9956788736 0.0612091345 0.0928037027 -0.1767177578 -0.0178864859 0.0505191013 -0.0727801472 0.0667688334 0.0251341760 0.0000000000 0.0000000000 0.0000000000 0.0000000000 0.0000000000 0.0000000000 -0.5552501903 0.8220762049 -0.0889357558 0.0000000000 0.0000000000 0.0048824673
0.0195305329 0.0705894232 0.0350249223 0.0106277857 -0.0038938157 -0.0599805369 0.1691472915 -0.1222418143 0.0382783152 -0.1137661449 0.9366417801 -0.6108806961 0.7868348614 -0.0878389214 -0.7911999073 -0.6107395533 0.0316212715 -0.0287659848 0.0888149708 0.9956326728 0.0573835042 0.0754679878 -0.1773377237 -0.0181859713 0.0513637215 -0.0733994916 0.0658596006 0.0254595028 0.0000000000 0.0000000000 0.0000000000 0.0000000000 0.0000000000 0.0000000000 -0.5552355788 0.8219915965 -0.0893673544 0.0000000000 0.0000000000 0.0046747861
0.0260770768 0.0708323792 0.0350582227 0.0105404360 -0.0034556482 -0.0597850257 0.1685657189 -0.1175785753 0.0399260202 -0.1188670175 0.9286541804 -0.6101682036 0.7873472099 -0.0881994015 -0.7917500788 -0.6100158589 0.0318192500 -0.0287502359 0.0892469777 0.9955944962 0.0535628884 0.0580413277 -0.1778939831 -0.0184844844 0.0522054583 -0.0739953890 0.0649485010 0.0257802000 0.0000000000 0.0000000000 0.0000000000 0.0000000000 0.0000000000 0.0000000000 -0.5552269366 0.8219216044 -0.0897121517 0.0000000000 0.0000000000 0.0044586711
0.0321372226 0.0709567368 0.0349940583 0.0104704052 -0.0030250589 -0.0595812558 0.1679585084 -0.1129561105 0.0415814301 -0.1240205641 0.9203320346 -0.6094556618 0.7878681887 -0.0884732366 -0.7923006600 -0.6092912371 0.0319976966 -0.0286960005 0.0895985811 0.9955644800 0.0497461721 0.0405598846 -0.1783876471 -0.0187819824 0.0530441813 -0.0745680407 0.0640358801 0.0260962564 0.0000000000 0.0000000000 0.0000000000 0.0000000000 0.0000000000 0.0000000000 -0.5552243178 0.8218664859 -0.0899698513 0.0000000000 0.0000000000 0.0042344259
0.0377270691 0.0709670782 0.0348377302 0.0104169417 -0.0026020885 -0.0593691960 0.1673254132 -0.1083760312 0.0432415708 -0.1292201291 0.9116998907 -0.6087433188 0.7883977023 -0.0886602216 -0.7928514510 -0.6085659546 0.0321567352 -0.0286032962 0.0898695831 0.9955427211 0.0459325309 0.0230584992 -0.1788197984 -0.0190784261 0.0538797565 -0.0751176551 0.0631220946 0.0264076665 0.0000000000 0.0000000000 0.0000000000 0.0000000000 0.0000000000 0.0000000000 -0.5552277412 0.8218264290 -0.0901403226 0.0000000000 0.0000000000 0.0040024208
0.0428629555 0.0708661824 0.0345934145 0.0103795258 -0.0021867484 -0.0591488302 0.1666662200 -0.1038398282 0.0449034655 -0.1344590246 0.9027814547 -0.6080314040 0.7889356232 -0.0887603189 -0.7934022579 -0.6078402703 0.0322964862 -0.0284722478 0.0900599153 0.9955292777 0.0421213197 0.0055704516 -0.1791915253 -0.0193737764 0.0547120646 -0.0756444484 0.0622074899 0.0267144274 0.0000000000 0.0000000000 0.0000000000 0.0000000000 0.0000000000 0.0000000000 -0.5552371905 0.8218015524 -0.0902235937 0.0000000000 0.0000000000 0.0037630847
0.0475600697 0.0706590265 0.0342670493 0.0103574609 -0.0017789904 -0.0589201571 0.1659807487 -0.0993488757 0.0465641465 -0.1397305523 0.8935995824 -0.6073201287 0.7894817921 -0.0887736516 -0.7939528934 -0.6071144347 0.0324170667 -0.0283030814 0.0901696347 0.9955241698 0.0383121229 -0.0118720555 -0.1795039180 -0.0196679868 0.0555409640 -0.0761486590 0.0612923996 0.0270165363 0.0000000000 0.0000000000 0.0000000000 0.0000000000 0.0000000000 0.0000000000 -0.5552526153 0.8217919063 -0.0902198446 0.0000000000 0.0000000000 0.0035169065
0.0518342741 0.0703487694 0.0338624641 0.0103499880 -0.0013786461 -0.0586831900 0.1652688530 -0.0949044358 0.0482206645 -0.1450280163 0.8841763413 -0.6066096858 0.7900360188 -0.0887004968 -0.7945031763 -0.6063886906 0.0325185921 -0.0280961191 0.0901989193 0.9955273794 0.0345047762 -0.0292385376 -0.1797580594 -0.0199610181 0.0563663393 -0.0766304955 0.0603771454 0.0273139933 0.0000000000 0.0000000000 0.0000000000 0.0000000000 0.0000000000 0.0000000000 -0.5552739320 0.8217974733 -0.0901294011 0.0000000000 0.0000000000 0.0032644400
0.0557011031 0.0699393079 0.0333849788 0.0103564672 -0.0009857587 -0.0584379571 0.1645304198 -0.0905076622 0.0498701002 -0.1503447456 0.8745329799 -0.6059002512 0.7905980822 -0.0885412783 -0.7950529318 -0.6056632720 0.0326011760 -0.0278517731 0.0901480637 0.9955388518 0.0306992491 -0.0464996080 -0.1799550089 -0.0202528313 0.0571880378 -0.0770902038 0.0594620550 0.0276068011 0.0000000000 0.0000000000 0.0000000000 0.0000000000 0.0000000000 0.0000000000 -0.5553010255 0.8218181697 -0.0899527273 0.0000000000 0.0000000000 0.0030062890
0.0591756143 0.0694335476 0.0328385085 0.0103763742 -0.0006002212 -0.0581845010 0.1637653695 -0.0861596044 0.0515095729 -0.1556741096 0.8646899474 -0.6051919835 0.7911677321 -0.0882965611 -0.7956019912 -0.6049384050 0.0326649318 -0.0275705408 0.0900174747 0.9955584963 0.0268958140 -0.0636273158 -0.1800958316 -0.0205433816 0.0580059364 -0.0775280297 0.0585474327 0.0278949598 0.0000000000 0.0000000000 0.0000000000 0.0000000000 0.0000000000 0.0000000000 -0.5553337499 0.8218538472 -0.0896904200 0.0000000000 0.0000000000 0.0027431220
0.0622736365 0.0688363984 0.0322280563 0.0104088886 -0.0002218977 -0.0579228786 0.1629736552 -0.0818612116 0.0531362498 -0.1610095328 0.8546669214 -0.6044850253 0.7917446895 -0.0879670443 -0.7961501920 -0.6042143076 0.0327099729 -0.0272529994 0.0898076680 0.9955861875 0.0230949362 -0.0805947708 -0.1801815775 -0.0208326317 0.0588199049 -0.0779442191 0.0576335888 0.0281784749 0.0000000000 0.0000000000 0.0000000000 0.0000000000 0.0000000000 0.0000000000 -0.5553719303 0.8219042949 -0.0893432031 0.0000000000 0.0000000000 0.0024756584
0.0650090426 0.0681503490 0.0315572470 0.0104535967 0.0001492278 -0.0576531608 0.1621552629 -0.0776133364 0.0547473551 -0.1663445144 0.8444827717 -0.6037795036 0.7923286477 -0.0875535554 -0.7966973778 -0.6034911892 0.0327364137 -0.0268998008 0.0895192636 0.9956217666 0.0192972054 -0.0973766572 -0.1802132771 -0.0211205371 0.0596298054 -0.0783390179 0.0567208040 0.0284573520 0.0000000000 0.0000000000 0.0000000000 0.0000000000 0.0000000000 0.0000000000 -0.5554153648 0.8219692410 -0.0889119210 0.0000000000 0.0000000000 0.0022046619
0.0673962012 0.0673794001 0.0308300331 0.0105096241 0.0005133496 -0.0573754323 0.1613102109 -0.0734167393 0.0563401757 -0.1716726344 0.8341556630 -0.6030755306 0.7929192743 -0.0870570440 -0.7972433982 -0.6027692513 0.0327443704 -0.0265116668 0.0891529821 0.9956650427 0.0155034209 -0.1139486025 -0.1801919589 -0.0214070603 0.0604355037 -0.0787126869 0.0558093650 0.0287315967 0.0000000000 0.0000000000 0.0000000000 0.0000000000 0.0000000000 0.0000000000 -0.5554638258 0.8220483559 -0.0883975338 0.0000000000 0.0000000000 0.0019309422
0.0694504231 0.0665267855 0.0300513152 0.0105764996 0.0008703637 -0.0570897912 0.1604385494 -0.0692720913 0.0579120686 -0.1769875697 0.8237030331 -0.6023732048 0.7935162115 -0.0864785764 -0.7977881086 -0.6020486871 0.0327339608 -0.0260893848 0.0887096407 0.9957157946 0.0117144580 -0.1302874992 -0.1801186232 -0.0216921587 0.0612368770 -0.0790654793 0.0548995529 0.0290012201 0.0000000000 0.0000000000 0.0000000000 0.0000000000 0.0000000000 0.0000000000 -0.5555170623 0.8221412542 -0.0878011117 0.0000000000 0.0000000000 0.0016553409
0.0711846426 0.0655962303 0.0292242188 0.0106535163 0.0012206419 -0.0567963485 0.1595403597 -0.0651799784 0.0594604696 -0.1822831122 0.8131415460 -0.6016726116 0.7941190787 -0.0858193294 -0.7983313701 -0.6013296820 0.0327053058 -0.0256338028 0.0881901496 0.9957737723 0.0079315429 -0.1463714920 -0.1799942856 -0.0219757967 0.0620337836 -0.0793976635 0.0539916250 0.0292662336 0.0000000000 0.0000000000 0.0000000000 0.0000000000 0.0000000000 0.0000000000 -0.5555748016 0.8222474983 -0.0871238299 0.0000000000 0.0000000000 0.0013787518
0.0726125091 0.0645909607 0.0283526592 0.0107402019 0.0015640791 -0.0564952279 0.1586157542 -0.0611409049 0.0609828958 -0.1875531702 0.8024872174 -0.6009738245 0.7947274729 -0.0850805852 -0.7988730498 -0.6006124131 0.0326585297 -0.0251458248 0.0875955081 0.9958386990 0.0041558774 -0.1621798243 -0.1798199081 -0.0222579353 0.0628260896 -0.0797095075 0.0530858388 0.0295266425 0.0000000000 0.0000000000 0.0000000000 0.0000000000 0.0000000000 0.0000000000 -0.5556367516 0.8223666004 -0.0863669635 0.0000000000 0.0000000000 0.0011020831
0.0737481713 0.0635146275 0.0274402425 0.0108358562 0.0019009269 -0.0561865653 0.1576648751 -0.0571552966 0.0624769523 -0.1927917834 0.7917553795 -0.6002769059 0.7953409715 -0.0842637253 -0.7994130199 -0.5998970498 0.0325937606 -0.0246264070 0.0869268009 0.9959102727 0.0003888514 -0.1776928545 -0.1795964683 -0.0225385316 0.0636136681 -0.0800012723 0.0521824459 0.0297824638 0.0000000000 0.0000000000 0.0000000000 0.0000000000 0.0000000000 0.0000000000 -0.5557026026 0.8224980267 -0.0855318828 0.0000000000 0.0000000000 0.0008262715
