# Actions and States
# action[0], ..., state[0], ..., command[0], ...
-0.5518238544 0.1302359253 0.0501574874 0.0814515054 0.1687407345 -0.2521222429 -0.0410254769 -0.2093470814 0.0000000000 0.0000000000 0.0000000000 0.8649003492 0.5019436083 0.0000000000 -0.5019436083 0.8649003492 0.0000000000 0.0000000000 0.0000000000 1.0000000000 0.0000000000 0.0000000000 0.0000000000 -0.0000050707 -0.0000008251 -0.0000042104 -0.0001664357 -0.0000004161 -0.2480820119 -0.0403680503 -0.2059923112 0.4007691443 0.0652133897 0.3327744901 0.8647332096 0.5022314966 0.0000000000 0.0000000000 0.0000000000 0.0332907345
-0.5740163922 0.1054199859 0.0489256531 0.0815786943 0.1508120596 -0.2521222427 -0.0410254797 -0.2092822083 0.0000001871 -0.0000019066 0.0259492575 0.8648346172 0.5020568518 0.0000487939 -0.5020568541 0.8648346107 0.0001069428 0.0000114927 -0.0001169851 0.9999999931 0.0427786306 -0.0195104516 0.0523760986 -0.0000202418 -0.0000032938 -0.0000166454 -0.0002019460 -0.0000013370 -0.2460862398 -0.0400432944 -0.2043351382 0.3975450397 0.0646887571 0.3300973773 0.8646495999 0.5023754219 0.0000488333 0.0000000000 0.0000000000 0.0332886456
-0.6009554267 0.0777586773 0.0455339625 0.0824534148 0.1298595965 -0.2521222367 -0.0410255371 -0.2090632223 0.0000023646 -0.0000215070 0.0551578210 0.8646114397 0.5024410618 0.0001942630 -0.5024410951 0.8646113176 0.0004640810 0.0000652114 -0.0004988554 0.9999998734 0.0894042841 -0.0337519940 0.1122763474 -0.0000454318 -0.0000073928 -0.0000366898 0.0000760111 -0.0000016516 -0.2441065162 -0.0397211537 -0.2026913017 0.3943468630 0.0641683489 0.3274418116 0.8645659778 0.5025192479 0.0001943049 0.0000000000 0.0000000000 0.0332733592
-0.6285519600 0.0544867441 0.0413603373 0.0842875913 0.1112526208 -0.2521222042 -0.0410257869 -0.2087120245 0.0000103293 -0.0000740353 0.0796409609 0.8642491621 0.5030638584 0.0003743801 -0.5030639609 0.8642485748 0.0010257752 0.0001924730 -0.0010748625 0.9999994038 0.1263738265 -0.0357399772 0.1642751080 -0.0000805593 -0.0000131098 -0.0000635605 0.0006303515 0.0000001147 -0.2421427220 -0.0394016057 -0.2010606974 0.3911744058 0.0636521280 0.3248075843 0.8644823790 0.5026628461 0.0003739041 0.0000000000 0.0000000000 0.0332434567
-0.6499618292 0.0367993452 0.0353772752 0.0862921774 0.0949125588 -0.2521221020 -0.0410264170 -0.2082533443 0.0000290047 -0.0001661841 0.0991304125 0.8637668533 0.5038913938 0.0005351909 -0.5038915055 0.8637651914 0.0017449328 0.0004169774 -0.0017768932 0.9999983344 0.1544691664 -0.0281420892 0.2088696272 -0.0001255439 -0.0000204329 -0.0000965915 0.0014222753 0.0000052464 -0.2401947379 -0.0390846245 -0.1994431913 0.3880274892 0.0631400570 0.3221945763 0.8643988471 0.5028061902 0.0005329990 0.0000000000 0.0000000000 0.0332083282
-0.6663913727 0.0235220008 0.0286674164 0.0882709697 0.0806048438 -0.2521218602 -0.0410276330 -0.2077100201 0.0000637759 -0.0003001506 0.1145021065 0.8631812479 0.5048937720 0.0006420303 -0.5048936244 0.8631777128 0.0025815200 0.0007492071 -0.0025524767 0.9999964618 0.1751680551 -0.0154655524 0.2469509988 -0.0001803050 -0.0000293516 -0.0001352361 0.0024174429 0.0000148451 -0.2382624149 -0.0387701988 -0.1978387088 0.3849058747 0.0626321062 0.3196025789 0.8643153955 0.5029493887 0.0006362176 0.0000000000 0.0000000000 0.0331791495
-0.6790110469 0.0135369599 0.0220658127 0.0900855660 0.0681040362 -0.2521213827 -0.0410296450 -0.2070997048 0.0001197724 -0.0004761288 0.1267053780 0.8625069282 0.5060447956 0.0006809516 -0.5060438657 0.8625006298 0.0035027855 0.0011852452 -0.0033657681 0.9999936334 0.1898398977 -0.0011777148 0.2793299597 -0.0002447625 -0.0000398565 -0.0001790499 0.0035857062 0.0000298504 -0.2363456339 -0.0384582989 -0.1962471306 0.3818093836 0.0621282421 0.3170314431 0.8642319817 0.5030926225 0.0006689706 0.0000000000 0.0000000000 0.0331635225
-0.6887184381 0.0060082995 0.0160224289 0.0916708708 0.0572008677 -0.2521205500 -0.0410326613 -0.2064359498 0.0002014258 -0.0006933984 0.1364754429 0.8617565904 0.5073215504 0.0006507264 -0.5073190751 0.8617466364 0.0044822615 0.0017131865 -0.0041927443 0.9999897429 0.1996471681 0.0127379016 0.3067270413 -0.0003188366 -0.0000519392 -0.0002276666 0.0049006725 0.0000510608 -0.2344442755 -0.0381489061 -0.1946683675 0.3787377775 0.0616284311 0.3144809604 0.8641485133 0.5032360822 0.0006294991 0.0000000000 0.0000000000 0.0331647534
-0.6962000728 0.0003233701 0.0107287820 0.0930094346 0.0477042235 -0.2521192223 -0.0410368850 -0.2057291696 0.0003123763 -0.0009508852 0.1443743940 0.8609412923 0.5087040212 0.0005567598 -0.5086990451 0.8609268526 0.0054987209 0.0023178920 -0.0050172991 0.9999847269 0.2055561330 0.0253000037 0.3297787014 -0.0004024472 -0.0000655928 -0.0002807805 0.0063392892 0.0000791506 -0.2325582206 -0.0378420055 -0.1931022853 0.3756909072 0.0611326434 0.3119510412 0.8640648688 0.5033799320 0.0005228066 0.0000000000 0.0000000000 0.0331828420
-0.7019808292 -0.0039679124 0.0062275021 0.0941098854 0.0394420363 -0.2521172443 -0.0410425137 -0.2049873811 0.0004555210 -0.0012473934 0.1508318249 0.8600706729 0.5101747463 0.0004073607 -0.5101661835 0.8600510193 0.0065352483 0.0029837676 -0.0058285970 0.9999785621 0.2083608401 0.0361228549 0.3490447969 -0.0004955141 -0.0000808111 -0.0003381325 0.0078814607 0.0001146862 -0.2306873202 -0.0375375748 -0.1915488094 0.3726685345 0.0606408417 0.3094414473 0.8639809201 0.5035242943 0.0003569296 0.0000000000 0.0000000000 0.0332157508
-0.7064626217 -0.0071984627 0.0024810382 0.0949933454 0.0322602466 -0.2521144481 -0.0410497388 -0.2042167689 0.0006331000 -0.0015816852 0.1561760184 0.8591531420 0.5117185103 0.0002116129 -0.5117052046 0.8591276685 0.0075784426 0.0036962268 -0.0066193262 0.9999712608 0.2087085756 0.0451536294 0.3650164000 -0.0005979571 -0.0000975891 -0.0003994997 0.0095096920 0.0001581398 -0.2288314849 -0.0372355916 -0.1900078356 0.3696704805 0.0601529963 0.3069520295 0.8638965497 0.5036692483 0.0001407975 0.0000000000 0.0000000000 0.0332604520
-0.7099532485 -0.0096159820 -0.0005863010 0.0956864208 0.0260227565 -0.2521106562 -0.0410587454 -0.2034221176 0.0008467866 -0.0019524949 0.1606577119 0.8581960449 0.5133220706 -0.0000217643 -0.5133028483 0.8581642735 0.0086177490 0.0044423581 -0.0073845464 0.9999628663 0.2071238611 0.0525117276 0.3781232145 -0.0007096955 -0.0001159229 -0.0004646868 0.0112087736 0.0002099019 -0.2269905806 -0.0369360372 -0.1884792596 0.3666965663 0.0596690774 0.3044826686 0.8638116602 0.5038148355 -0.0001169210 0.0000000000 0.0000000000 0.0333136470
-0.7126876116 -0.0114061171 -0.0030631775 0.0962153673 0.0206094403 -0.2521056844 -0.0410697123 -0.2026071433 0.0010977678 -0.0023585237 0.1644682592 0.8572058012 0.5149739151 -0.0002849596 -0.5149476270 0.8571673800 0.0096449070 0.0052111336 -0.0081209309 0.9999534462 0.2040299711 0.0583934879 0.3887407630 -0.0008306485 -0.0001358097 -0.0005335206 0.0129654938 0.0002702915 -0.2251644880 -0.0366388932 -0.1869629771 0.3637465537 0.0591890477 0.3020331562 0.8637261777 0.5039610663 -0.0004083785 0.0000000000 0.0000000000 0.0333721980
-0.7148470283 -0.0127094174 -0.0050387550 0.0966050774 0.0159151219 -0.2520993437 -0.0410828114 -0.2017747468 0.0013868176 -0.0027984295 0.1677536574 0.8561880256 0.5166640479 -0.0005712709 -0.5166296007 0.8561427210 0.0106535001 0.0059933699 -0.0088262637 0.9999430867 0.1997676262 0.0630184437 0.3971968547 -0.0009607348 -0.0001572474 -0.0006058448 0.0147683928 0.0003395662 -0.2233530730 -0.0363441408 -0.1854588985 0.3608202934 0.0587128848 0.2996033728 0.8636400523 0.5041079285 -0.0007267661 0.0000000000 0.0000000000 0.0334333481
-0.7165701389 -0.0136323804 -0.0065954863 0.0968775898 0.0118474187 -0.2520914424 -0.0410982081 -0.2009272072 0.0017143580 -0.0032708201 0.1706249923 0.8551476305 0.5183838000 -0.0008751174 -0.5183401782 0.8550953180 0.0116385917 0.0067815662 -0.0094991056 0.9999318864 0.1946105103 0.0666002120 0.4037775157 -0.0010998731 -0.0001802350 -0.0006815165 0.0166075267 0.0004179298 -0.2215562463 -0.0360517576 -0.1839669198 0.3579175472 0.0582405515 0.2971931100 0.8635532549 0.5042553933 -0.0010663409 0.0000000000 0.0000000000 0.0334948064
-0.7179629207 -0.0142566068 -0.0078062019 0.0970518291 0.0083260396 -0.2520817875 -0.0411160604 -0.2000663319 0.0020805142 -0.0037742503 0.1731665953 0.8540889148 0.5201256625 -0.0011919552 -0.5200719425 0.8540295689 0.0125964315 0.0075696923 -0.0101385701 0.9999199514 0.1887783167 0.0693320886 0.4087321308 -0.0012479813 -0.0002047725 -0.0007604036 0.0184742846 0.0005055396 -0.2197738588 -0.0357617289 -0.1824869365 0.3550381660 0.0577720143 0.2948022485 0.8634657737 0.5044034210 -0.0014223546 0.0000000000 0.0000000000 0.0335547501
-0.7191061378 -0.0146449097 -0.0087328125 0.0971438065 0.0052805650 -0.2520701863 -0.0411365191 -0.1991935701 0.0024851637 -0.0043072259 0.1754423466 0.8530156408 0.5218831400 -0.0015181498 -0.5218184977 0.8529493250 0.0135242200 0.0083529673 -0.0107441725 0.9999073911 0.1824473586 0.0713814934 0.4122781776 -0.0014049773 -0.0002308606 -0.0008423828 0.0203612149 0.0006025130 -0.2180058211 -0.0354740322 -0.1810188591 0.3521819413 0.0573072508 0.2924306095 0.8633776110 0.5045519649 -0.0017909374 0.0000000000 0.0000000000 0.0336117846
-0.7200617790 -0.0148459943 -0.0094281025 0.0971666351 0.0026500162 -0.2520564472 -0.0411597274 -0.1983101004 0.0029279790 -0.0048682100 0.1775005307 0.8519311009 0.5236506217 -0.0018508390 -0.5235743359 0.8518579580 0.0144199204 0.0091276522 -0.0113157269 0.9998943146 0.1757592711 0.0728896083 0.4146052073 -0.0015707784 -0.0002585009 -0.0009273373 0.0222618710 0.0007089322 -0.2162519991 -0.0351886526 -0.1795625985 0.3493487239 0.0568462238 0.2900780439 0.8632887790 0.5047009750 -0.0021689706 0.0000000000 0.0000000000 0.0336648859
-0.7208763957 -0.0148978569 -0.0099352757 0.0971311852 0.0003810525 -0.2520403808 -0.0411858205 -0.1974168971 0.0034084651 -0.0054556316 0.1793774837 0.8508381761 0.5254232690 -0.0021878002 -0.5253347207 0.8507584195 0.0152821089 0.0098908650 -0.0118532742 0.9998808282 0.1688278365 0.0739725642 0.4158785159 -0.0017453015 -0.0002876958 -0.0010151570 0.0241706837 0.0008248496 -0.2145123035 -0.0349055640 -0.1781180501 0.3465382755 0.0563889071 0.2877444327 0.8631992976 0.5048503992 -0.0025539619 0.0000000000 0.0000000000 0.0337133378
-0.7215852141 -0.0148302428 -0.0102899615 0.0970466360 -0.0015727269 -0.2520218005 -0.0412149258 -0.1965147811 0.0039259927 -0.0060678961 0.1811005219 0.8497393861 0.5271969161 -0.0025273306 -0.5270955864 0.8496532913 0.0161098538 0.0106404200 -0.0123570325 0.9998670338 0.1617446096 0.0747245711 0.4162422227 -0.0019284632 -0.0003184485 -0.0011057360 0.0260828491 0.0009502918 -0.2127865851 -0.0346247554 -0.1766851246 0.3437504172 0.0559352674 0.2854295671 0.8631091916 0.5050001858 -0.0029439320 0.0000000000 0.0000000000 0.0337566731
-0.7222148776 -0.0146670816 -0.0105216196 0.0969199836 -0.0032519584 -0.2520005234 -0.0412471628 -0.1956044578 0.0044798272 -0.0067033961 0.1826901500 0.8486369337 0.5289679844 -0.0028681438 -0.5288534496 0.8485448310 0.0169026203 0.0113746936 -0.0128273601 0.9998530268 0.1545833725 0.0752209989 0.4158219954 -0.0021201801 -0.0003507628 -0.0011989730 0.0279942323 0.0010852625 -0.2110747546 -0.0343462043 -0.1752637178 0.3409850299 0.0554852784 0.2831333578 0.8630184888 0.5051502838 -0.0033373167 0.0000000000 0.0000000000 0.0337946227
-0.7227851152 -0.0144266160 -0.0106534651 0.0967573747 -0.0046917452 -0.2519763703 -0.0412826429 -0.1946865462 0.0050691528 -0.0073605213 0.1841617212 0.8475327437 0.5307334066 -0.0032092823 -0.5306053331 0.8474350111 0.0176601932 0.0120925126 -0.0132647297 0.9998388961 0.1474034851 0.0755212980 0.4147273579 -0.0023203676 -0.0003846432 -0.0012947710 0.0299012717 0.0012297468 -0.2093766928 -0.0340698957 -0.1738537550 0.3382418454 0.0550389104 0.2808555961 0.8629272192 0.5053006442 -0.0037328832 0.0000000000 0.0000000000 0.0338270701
-0.7233105898 -0.0141253537 -0.0107049132 0.0965635777 -0.0059227846 -0.2519491664 -0.0413214693 -0.1937616008 0.0056930938 -0.0080376685 0.1855267543 0.8464284968 0.5324905605 -0.0035500447 -0.5323486990 0.8463255533 0.0183826152 0.0127930627 -0.0136697077 0.9998247230 0.1402530055 0.0756719547 0.4130538398 -0.0025289420 -0.0004200948 -0.0013930352 0.0318009146 0.0013837129 -0.2076922953 -0.0337958112 -0.1724551320 0.3355207741 0.0545961298 0.2785961628 0.8628354133 0.5054512196 -0.0041296609 0.0000000000 0.0000000000 0.0338540178
-0.7238024473 -0.0137748048 -0.0106912060 0.0963428020 -0.0069720210 -0.2519187413 -0.0413637373 -0.1928301270 0.0063507324 -0.0087332506 0.1867939221 0.8453256592 0.5342372117 -0.0038899285 -0.5340813912 0.8452179586 0.0190701375 0.0134758145 -0.0140429381 0.9998105812 0.1331703730 0.0757093908 0.4108847604 -0.0027458181 -0.0004571234 -0.0014936751 0.0336905532 0.0015471149 -0.2060214579 -0.0335239284 -0.1710677594 0.3328215480 0.0541569144 0.2763549089 0.8627431018 0.5056019652 -0.0045268863 0.0000000000 0.0000000000 0.0338755554
-0.7242683172 -0.0133852642 -0.0106251268 0.0960981175 -0.0078625847 -0.2518849293 -0.0414095345 -0.1918925939 0.0070411224 -0.0094457029 0.1879697464 0.8442255085 0.5359714637 -0.0042285833 -0.5358015846 0.8441135340 0.0197231780 0.0141404650 -0.0143851283 0.9997965370 0.1261866576 0.0756615452 0.4082927253 -0.0029709106 -0.0004957353 -0.0015966026 0.0355679542 0.0017198948 -0.2043640465 -0.0332542360 -0.1696915627 0.3301440775 0.0537212342 0.2741316855 0.8626503149 0.5057528385 -0.0049239590 0.0000000000 0.0000000000 0.0338918398
-0.7247137427 -0.0129650086 -0.0105171651 0.0958324596 -0.0086149825 -0.2518475697 -0.0414589405 -0.1909494425 0.0077633023 -0.0101734911 0.1890592375 0.8431291569 0.5376917132 -0.0045657734 -0.5375077420 0.8430134154 0.0203422900 0.0147868890 -0.0146970392 0.9997826489 0.1193267687 0.0755495643 0.4053410937 -0.0032041355 -0.0005359373 -0.0017017320 0.0374312252 0.0019019842 -0.2027199715 -0.0329867117 -0.1683264226 0.3274881244 0.0532890558 0.2719263434 0.8625570822 0.5059037993 -0.0053204042 0.0000000000 0.0000000000 0.0339030752
-0.7251430750 -0.0125215882 -0.0103750080 0.0955480561 -0.0092469202 -0.2518065063 -0.0415120276 -0.1900010924 0.0085163059 -0.0109151167 0.1900663244 0.8420375708 0.5393966130 -0.0049013466 -0.5391985757 0.8419185882 0.0209281346 0.0154150997 -0.0149794765 0.9997689683 0.1126105323 0.0753890780 0.4020850822 -0.0034454060 -0.0005777365 -0.0018089809 0.0392787568 0.0020933067 -0.2010891289 -0.0327213407 -0.1669722646 0.3248535395 0.0528603531 0.2697387338 0.8624634324 0.5060548102 -0.0057158442 0.0000000000 0.0000000000 0.0339095001
-0.7255586386 -0.0120602548 -0.0102058835 0.0952470005 -0.0097739566 -0.2517615880 -0.0415688605 -0.1890479460 0.0092991684 -0.0116691206 0.1909941041 0.8409515886 0.5410850379 -0.0052352120 -0.5408730147 0.8408299049 0.0214814586 0.0160252187 -0.0152332818 0.9997555399 0.1060535649 0.0751922973 0.3985728333 -0.0036946374 -0.0006211408 -0.0019182691 0.0411092006 0.0022937770 -0.1994713992 -0.0324581005 -0.1656289995 0.3222401440 0.0524351038 0.2675687373 0.8623693931 0.5062058356 -0.0061099756 0.0000000000 0.0000000000 0.0339113751
-0.7259626389 -0.0115862181 -0.0100151822 0.0949307978 -0.0102095036 -0.2517126682 -0.0416294969 -0.1880903917 0.0101109352 -0.0124340881 0.1918451796 0.8398719361 0.5427560556 -0.0055673241 -0.5425301755 0.8397481011 0.0220030761 0.0166174526 -0.0154593248 0.9997424016 0.0996681077 0.0749678276 0.3948462956 -0.0039517432 -0.0006661582 -0.0020295186 0.0429214314 0.0025033052 -0.1978666931 -0.0321969837 -0.1642965525 0.3196477890 0.0520132706 0.2654162049 0.8622749907 0.5063568427 -0.0065025539 0.0000000000 0.0000000000 0.0339089761
-0.7263564467 -0.0111038592 -0.0098074507 0.0946009979 -0.0105654839 -0.2516596053 -0.0416939875 -0.1871288065 0.0109506651 -0.0132086502 0.1926217499 0.8387992399 0.5444089021 -0.0058976663 -0.5441693374 0.8386738095 0.0224938535 0.0171920723 -0.0156584980 0.9997295855 0.0934635090 0.0747219325 0.3909420538 -0.0042166375 -0.0007127969 -0.0021426540 0.0447144955 0.0027217953 -0.1962748915 -0.0319379643 -0.1629748046 0.3170762658 0.0515948348 0.2632809877 0.8621802508 0.5065078007 -0.0068933779 0.0000000000 0.0000000000 0.0339025869
-0.7267405987 -0.0106164962 -0.0095864879 0.0942588747 -0.0108522689 -0.2516022623 -0.0417623762 -0.1861635569 0.0118174344 -0.0139914858 0.1933257360 0.8377340395 0.5460429589 -0.0062262427 -0.5457899211 0.8376075716 0.0229546964 0.0177493983 -0.0158317100 0.9997171179 0.0874466575 0.0744591934 0.3868919558 -0.0044892342 -0.0007610660 -0.0022576023 0.0464876331 0.0029491475 -0.1946958899 -0.0316810273 -0.1616637111 0.3145254552 0.0511797629 0.2611629367 0.8620851975 0.5066586809 -0.0072822803 0.0000000000 0.0000000000 0.0338924939
-0.7271156311 -0.0101273470 -0.0093555404 0.0939056203 -0.0110786194 -0.2515405067 -0.0418347006 -0.1851950005 0.0127103408 -0.0147813242 0.1939589322 0.8366767976 0.5476577340 -0.0065530695 -0.5473914687 0.8365498490 0.0233865391 0.0182897883 -0.0159798803 0.9997050200 0.0816224710 0.0741826819 0.3827237081 -0.0047694463 -0.0008109744 -0.0023742924 0.0482402183 0.0031852582 -0.1931295991 -0.0314261615 -0.1603631526 0.3119951487 0.0507680327 0.2590619326 0.8619898543 0.5068094569 -0.0076691197 0.0000000000 0.0000000000 0.0338789831
-0.7274820805 -0.0096389009 -0.0091174105 0.0935420692 -0.0112526435 -0.2514742104 -0.0419109920 -0.1842234860 0.0136285052 -0.0155769449 0.1945230360 0.8356279093 0.5492528452 -0.0068781692 -0.5489736283 0.8355010325 0.0237903353 0.0188136269 -0.0161039347 0.9996933083 0.0759941143 0.0738943921 0.3784614949 -0.0050571882 -0.0008625314 -0.0024926555 0.0499717370 0.0034300215 -0.1915759146 -0.0311733428 -0.1590730548 0.3094852269 0.0503596105 0.2569778264 0.8618942432 0.5069601041 -0.0080537743 0.0000000000 0.0000000000 0.0338623362
-0.7278395891 -0.0091537656 -0.0088737067 0.0931693017 -0.0113811940 -0.2514032498 -0.0419912758 -0.1832493541 0.0145710720 -0.0163771775 0.1950196480 0.8345877102 0.5508280052 -0.0072015660 -0.5505361392 0.8344614509 0.0241670507 0.0193213175 -0.0162048012 0.9996819950 0.0705632920 0.0735953510 0.3741263048 -0.0053523723 -0.0009157464 -0.0026126255 0.0516818129 0.0036833286 -0.1900347173 -0.0309225582 -0.1577933431 0.3069954515 0.0499544777 0.2549104691 0.8617983856 0.5071105999 -0.0084361365 0.0000000000 0.0000000000 0.0338428289
-0.7281887531 -0.0086730737 -0.0086269919 0.0927882940 -0.0114702322 -0.2513275053 -0.0420755717 -0.1822729374 0.0155372125 -0.0171809037 0.1954504017 0.8335564835 0.5523830093 -0.0075232829 -0.5520788194 0.8334313779 0.0245176558 0.0198132765 -0.0162834058 0.9996710883 0.0653304851 0.0732866013 0.3697363706 -0.0056549124 -0.0009706293 -0.0027341375 0.0533701479 0.0039450694 -0.1885059178 -0.0306737926 -0.1565239280 0.3045257330 0.0495526046 0.2528597713 0.8617023016 0.5072609236 -0.0088161102 0.0000000000 0.0000000000 0.0338207286
-0.7285289764 -0.0081994487 -0.0083785178 0.0923993960 -0.0115248226 -0.2512468614 -0.0421638939 -0.1812945604 0.0165261227 -0.0179870543 0.1958168571 0.8325344662 0.5539177237 -0.0078433404 -0.5536015548 0.8324110390 0.0248431210 0.0202899282 -0.0163406691 0.9996605931 0.0602952124 0.0729680397 0.3653075428 -0.0059647216 -0.0010271899 -0.0028571296 0.0550365187 0.0042151324 -0.1869894266 -0.0304270275 -0.1552647203 0.3020758927 0.0491539612 0.2508255541 0.8616060106 0.5074110564 -0.0091936083 0.0000000000 0.0000000000 0.0337962947
-0.7288604975 -0.0077337050 -0.0081296563 0.0920036137 -0.0115499133 -0.2511612068 -0.0422562515 -0.1803145399 0.0175370261 -0.0187946110 0.1961206394 0.8315218545 0.5554320762 -0.0081617531 -0.5551042897 0.8314006171 0.0251444119 0.0207516995 -0.0163775039 0.9996505111 0.0554559240 0.0726397755 0.3608536367 -0.0062817126 -0.0010854383 -0.0029815407 0.0566807985 0.0044934056 -0.1854851246 -0.0301822480 -0.1540156454 0.2996457517 0.0487585291 0.2488077134 0.8615095312 0.5075609809 -0.0095685491 0.0000000000 0.0000000000 0.0337697745
-0.7291830182 -0.0072768386 -0.0078819254 0.0916016176 -0.0115493173 -0.2510704335 -0.0423526486 -0.1793331842 0.0185691722 -0.0196026043 0.1963633604 0.8305188089 0.5569260477 -0.0084785310 -0.5565870190 0.8304002575 0.0254224844 0.0211990181 -0.0163948112 0.9996408414 0.0508104062 0.0723016103 0.3563865382 -0.0066057993 -0.0011453845 -0.0031073133 0.0583028980 0.0047797761 -0.1839929372 -0.0299394373 -0.1527766138 0.2972351313 0.0483662747 0.2468061000 0.8614128809 0.5077106817 -0.0099408568 0.0000000000 0.0000000000 0.0337414053
-0.7294967771 -0.0068302471 -0.0076361005 0.0911939144 -0.0115265511 -0.2509744378 -0.0424530845 -0.1783507939 0.0196218371 -0.0204101133 0.1965466667 0.8295254583 0.5583996645 -0.0087936767 -0.5580497804 0.8294100726 0.0256782818 0.0216323080 -0.0163934792 0.9996315807 0.0463558204 0.0719527876 0.3519165645 -0.0069368947 -0.0012070390 -0.0032343902 0.0599027947 0.0050741313 -0.1825127453 -0.0296985805 -0.1515475512 0.2948439419 0.0479771756 0.2448205948 0.8613160767 0.5078601446 -0.0103104585 0.0000000000 0.0000000000 0.0337114132
-0.7298009992 -0.0063941651 -0.0073927189 0.0907809213 -0.0114847142 -0.2508731189 -0.0425575542 -0.1773676610 0.0206943217 -0.0212162632 0.1966721805 0.8285419036 0.5598529924 -0.0091071850 -0.5594926485 0.8284301459 0.0259127321 0.0220519872 -0.0163743813 0.9996227236 0.0420887098 0.0715927414 0.3474526443 -0.0072749099 -0.0012704117 -0.0033627176 0.0614805035 0.0053763576 -0.1810444593 -0.0294596609 -0.1503283828 0.2924719751 0.0475912094 0.2428510487 0.8612191348 0.5080093573 -0.0106772827 0.0000000000 0.0000000000 0.0336800119
-0.7300966978 -0.0059703328 -0.0071527930 0.0903634131 -0.0114264879 -0.2507663799 -0.0426660485 -0.1763840695 0.0217859542 -0.0220202270 0.1967416277 0.8275682216 0.5612861304 -0.0094190438 -0.5609157297 0.8274605352 0.0261267452 0.0224584667 -0.0163383742 0.9996142630 0.0380053463 0.0712208876 0.3430024701 -0.0076197605 -0.0013355131 -0.0034922422 0.0630360916 0.0056863427 -0.1795879900 -0.0292226616 -0.1491190195 0.2901190817 0.0472083464 0.2408973575 0.8611220707 0.5081583085 -0.0110412598 0.0000000000 0.0000000000 0.0336474047
-0.7303830385 -0.0055581839 -0.0069168000 0.0899418294 -0.0113541968 -0.2506541270 -0.0427785539 -0.1754002947 0.0228960844 -0.0228212199 0.1967566146 0.8266044670 0.5626992066 -0.0097292349 -0.5623191570 0.8265012762 0.0263212112 0.0228521497 -0.0162862956 0.9996061904 0.0341013443 0.0708369346 0.3385726602 -0.0079713585 -0.0014023536 -0.0036229133 0.0645696521 0.0060039749 -0.1781432480 -0.0289875716 -0.1479193866 0.2877851427 0.0468285643 0.2389593869 0.8610248992 0.5083069886 -0.0114023224 0.0000000000 0.0000000000 0.0336137803
-0.7306603193 -0.0051584831 -0.0066855447 0.0895165280 -0.0112698078 -0.2505362696 -0.0428950535 -0.1744166040 0.0240240877 -0.0236185020 0.1967188312 0.8256506758 0.5640923731 -0.0100377343 -0.5637030861 0.8255523847 0.0264969981 0.0232334300 -0.0162189626 0.9995984959 0.0303722297 0.0704402277 0.3341689022 -0.0083296169 -0.0014709437 -0.0037546814 0.0660813078 0.0063291406 -0.1767101139 -0.0287543721 -0.1467293948 0.2854699492 0.0464518368 0.2370370030 0.8609276345 0.5084553891 -0.0117604048 0.0000000000 0.0000000000 0.0335793178
-0.7309281826 -0.0047714682 -0.0064589377 0.0890879929 -0.0111752860 -0.2504127202 -0.0430155265 -0.1734332562 0.0251693622 -0.0244113746 0.1966299542 0.8247068670 0.5654658032 -0.0103445106 -0.5650676920 0.8246138594 0.0266549510 0.0236026901 -0.0161371724 0.9995911688 0.0268132123 0.0700299809 0.3297960910 -0.0086944485 -0.0015412933 -0.0038874997 0.0675712079 0.0066617299 -0.1752885133 -0.0285230484 -0.1455489844 0.2831734121 0.0460781381 0.2351300865 0.8608302904 0.5086035029 -0.0121154413 0.0000000000 0.0000000000 0.0335441841
-0.7311873436 -0.0043977923 -0.0062377835 0.0886566639 -0.0110721830 -0.2502833940 -0.0431399490 -0.1724505016 0.0263313291 -0.0251991804 0.1964917006 0.8237730450 0.5668196874 -0.0106495262 -0.5664131658 0.8236856839 0.0267958912 0.0239603009 -0.0160417010 0.9995841975 0.0234193764 0.0696057767 0.3254583577 -0.0090657668 -0.0016134132 -0.0040213224 0.0690395311 0.0070016338 -0.1738783419 -0.0282935854 -0.1443780810 0.2808953226 0.0457074493 0.2332385033 0.8607328800 0.5087513238 -0.0124673661 0.0000000000 0.0000000000 0.0335085353
-0.7314374447 -0.0040371125 -0.0060220230 0.0882228687 -0.0109616304 -0.2501482094 -0.0432682936 -0.1714685821 0.0275094292 -0.0259812998 0.1963056960 0.8228492009 0.5681542308 -0.0109527386 -0.5677397120 0.8227678287 0.0269206147 0.0243066221 -0.0159333016 0.9995775698 0.0201854912 0.0691672151 0.3211591977 -0.0094434842 -0.0016873134 -0.0041561043 0.0704864487 0.0073487400 -0.1724795252 -0.0280659683 -0.1432165802 0.2786355615 0.0453397408 0.2313621491 0.8606354158 0.5088988471 -0.0128161149 0.0000000000 0.0000000000 0.0334725142
-0.7316786647 -0.0036897007 -0.0058121621 0.0877870172 -0.0108451759 -0.2500070873 -0.0434005303 -0.1704877317 0.0287031243 -0.0267571513 0.1960735909 0.8219353149 0.5694696509 -0.0112541006 -0.5690475463 0.8218602527 0.0270298918 0.0246420011 -0.0158127043 0.9995712732 0.0171063506 0.0687139291 0.3169016331 -0.0098275151 -0.0017630041 -0.0042918040 0.0719121769 0.0077029429 -0.1710919589 -0.0278401822 -0.1420644224 0.2763940096 0.0449749902 0.2295008749 0.8605379101 0.5090460686 -0.0131616239 0.0000000000 0.0000000000 0.0334362544
-0.7319108248 -0.0033552856 -0.0056083212 0.0873493999 -0.0107235974 -0.2498599513 -0.0435366260 -0.1695081757 0.0299118960 -0.0275261894 0.1957970225 0.8210313566 0.5707661752 -0.0115535605 -0.5703368932 0.8209629051 0.0271244668 0.0249667727 -0.0156806159 0.9995652948 0.0141766186 0.0682455104 0.3126881165 -0.0102177719 -0.0018404953 -0.0044283802 0.0733169243 0.0080641340 -0.1697155535 -0.0276162140 -0.1409215480 0.2741704583 0.0446131751 0.2276545763 0.8604403744 0.5091929856 -0.0135038298 0.0000000000 0.0000000000 0.0333998784
-0.7321344614 -0.0030340906 -0.0054106633 0.0869103745 -0.0105979647 -0.2497067275 -0.0436765451 -0.1685301318 0.0311352453 -0.0282879042 0.1954776466 0.8201372871 0.5720440391 -0.0118510617 -0.5716079848 0.8200757261 0.0272050575 0.0252812590 -0.0155377206 0.9995596216 0.0113909710 0.0677614835 0.3085207374 -0.0106141688 -0.0019197972 -0.0045657931 0.0747009218 0.0084322076 -0.1683502346 -0.0273940470 -0.1397878528 0.2719648182 0.0442542695 0.2258231491 0.8603428201 0.5093395960 -0.0138426693 0.0000000000 0.0000000000 0.0333634991
-0.7323494554 -0.0027259744 -0.0052190246 0.0864701867 -0.0104689943 -0.2495473445 -0.0438202496 -0.1675538090 0.0323726900 -0.0290418181 0.1951170468 0.8192530597 0.5733034848 -0.0121465433 -0.5728610588 0.8191986486 0.0272723554 0.0255857682 -0.0153846789 0.9995542407 0.0087440130 0.0672615223 0.3044011912 -0.0110166185 -0.0020009195 -0.0047040042 0.0760644078 0.0088070594 -0.1669958830 -0.0271736663 -0.1386632919 0.2697769105 0.0438982546 0.2240064442 0.8602452580 0.5094858986 -0.0141780788 0.0000000000 0.0000000000 0.0333272191
-0.7325559855 -0.0024306800 -0.0050338381 0.0860290974 -0.0103374617 -0.2493817331 -0.0439676991 -0.1665794087 0.0336237651 -0.0297874857 0.1947168040 0.8183786208 0.5745447597 -0.0124399415 -0.5740963575 0.8183315990 0.0273270253 0.0258805964 -0.0152221282 0.9995491391 0.0062303969 0.0667455497 0.3003308666 -0.0114250351 -0.0020838720 -0.0048429780 0.0774076283 0.0091885850 -0.1656524241 -0.0269550588 -0.1375477612 0.2676065862 0.0435451008 0.2222043425 0.8601476987 0.5096318931 -0.0145099954 0.0000000000 0.0000000000 0.0332911318
-0.7327541709 -0.0021481034 -0.0048548793 0.0855873749 -0.0102037825 -0.2492098267 -0.0441188511 -0.1656071246 0.0348880218 -0.0305244926 0.1942784766 0.8175139112 0.5757681147 -0.0127311896 -0.5753141265 0.8174744981 0.0273697058 0.0261660267 -0.0150506820 0.9995443042 0.0038447829 0.0662132506 0.2963108542 -0.0118393321 -0.0021686645 -0.0049826778 0.0787308142 0.0095766811 -0.1643197834 -0.0267382096 -0.1364412159 0.2654537559 0.0431947857 0.2204167545 0.8600501524 0.5097775799 -0.0148383568 0.0000000000 0.0000000000 0.0332553215
-0.7329446077 -0.0018779762 -0.0046822834 0.0851454213 -0.0100687323 -0.2490315606 -0.0442736611 -0.1646371424 0.0361650266 -0.0312524532 0.1938035985 0.8166588661 0.5769738039 -0.0130202178 -0.5765146136 0.8166272620 0.0274010090 0.0264423292 -0.0148709311 0.9995397234 0.0015818974 0.0656644984 0.2923420542 -0.0122594237 -0.0022553063 -0.0051230704 0.0800342336 0.0099712480 -0.1629978567 -0.0265231058 -0.1353435814 0.2633182108 0.0428472944 0.2186435461 0.8599526288 0.5099229601 -0.0151631006 0.0000000000 0.0000000000 0.0332198643
-0.7331268191 -0.0016201944 -0.0045157364 0.0847032666 -0.0099326679 -0.2488468723 -0.0444320829 -0.1636696404 0.0374543589 -0.0319710094 0.1932936120 0.8158134164 0.5781620833 -0.0133069540 -0.5776980684 0.8157898025 0.0274215213 0.0267097613 -0.0146834434 0.9995353846 -0.0005634703 0.0650991446 0.2884250924 -0.0126852244 -0.0023438069 -0.0052641230 0.0813181400 0.0103721851 -0.1616865695 -0.0263097323 -0.1342547685 0.2611998618 0.0425025932 0.2168845981 0.8598551376 0.5100680353 -0.0154841645 0.0000000000 0.0000000000 0.0331848281
-0.7333014011 -0.0013742215 -0.0043557608 0.0842612088 -0.0097960681 -0.2486557015 -0.0445940684 -0.1627047898 0.0387556136 -0.0326798308 0.1927500064 0.8149774892 0.5793332099 -0.0135913245 -0.5788647411 0.8149620284 0.0274318037 0.0269685683 -0.0144887639 0.9995312762 -0.0025964343 0.0645173272 0.2845604219 -0.0131166447 -0.0024341750 -0.0054058032 0.0825827867 0.0107793948 -0.1603858322 -0.0260980763 -0.1331747025 0.2590985596 0.0421606675 0.2151397914 0.8597576881 0.5102128080 -0.0158014875 0.0000000000 0.0000000000 0.0331502732
-0.7334683537 -0.0011401321 -0.0042017153 0.0838193744 -0.0096591683 -0.2484579896 -0.0447595679 -0.1617427544 0.0400683975 -0.0333786117 0.1921742013 0.8141510079 0.5804874409 -0.0138732539 -0.5800148819 0.8141438452 0.0274323918 0.0272189833 -0.0142874157 0.9995273867 -0.0045220439 0.0639187417 0.2807483184 -0.0135536026 -0.0025264202 -0.0055480818 0.0838284418 0.0111927781 -0.1590955555 -0.0258881208 -0.1321033388 0.2570141554 0.0418214947 0.2134090364 0.8596602893 0.5103572811 -0.0161150085 0.0000000000 0.0000000000 0.0331162529
-0.7336279154 -0.0009170396 -0.0040536597 0.0833780840 -0.0095223291 -0.2482536802 -0.0449285306 -0.1607836910 0.0413923297 -0.0340670711 0.1915675936 0.8133338935 0.5816250336 -0.0141526650 -0.5811487406 0.8133351565 0.0274237969 0.0274612268 -0.0140799001 0.9995237053 -0.0063452386 0.0633035817 0.2769889460 -0.0139960125 -0.0026205508 -0.0056909290 0.0850553587 0.0116122421 -0.1578156650 -0.0256798565 -0.1310405880 0.2549465299 0.0414850488 0.2116921991 0.8595629500 0.5105014578 -0.0164246665 0.0000000000 0.0000000000 0.0330828131
-0.7337804437 -0.0007054358 -0.0039119371 0.0829374418 -0.0093857870 -0.2480427186 -0.0451009038 -0.1598277496 0.0427270406 -0.0347449512 0.1909315454 0.8125260642 0.5827462442 -0.0144294798 -0.5822665660 0.8125358635 0.0274065062 0.0276955084 -0.0138666970 0.9995202217 -0.0080707196 0.0626718212 0.2732823370 -0.0144437868 -0.0027165757 -0.0058343168 0.0862637982 0.0120376898 -0.1565460712 -0.0254732668 -0.1299863905 0.2528955340 0.0411513075 0.2099891752 0.8594656788 0.5106453422 -0.0167304016 0.0000000000 0.0000000000 0.0330499960
-0.7339257598 -0.0005043819 -0.0037757873 0.0824975669 -0.0092497813 -0.2478250521 -0.0452766342 -0.1588750732 0.0440721706 -0.0354120156 0.1902673574 0.8117274359 0.5838513281 -0.0147036194 -0.5833686058 0.8117458663 0.0273809837 0.0279220260 -0.0136482658 0.9995169260 -0.0097033183 0.0620234593 0.2696284214 -0.0148968408 -0.0028145036 -0.0059782183 0.0874540210 0.0124690272 -0.1552866846 -0.0252683386 -0.1289406866 0.2508610487 0.0408202522 0.2082998455 0.8593684841 0.5107889384 -0.0170321537 0.0000000000 0.0000000000 0.0330178337
-0.7340645790 -0.0003139600 -0.0036454040 0.0820585713 -0.0091146091 -0.2476006296 -0.0454556668 -0.1579257989 0.0454273714 -0.0360680498 0.1895763429 0.8109379232 0.5849405389 -0.0149750040 -0.5844551059 0.8109650634 0.0273476700 0.0281409659 -0.0134250452 0.9995138089 -0.0112475370 0.0613586971 0.2660270348 -0.0153550897 -0.0029143421 -0.0061226073 0.0886262953 0.0129061658 -0.1540374309 -0.0250650588 -0.1279033720 0.2488429099 0.0404918604 0.2066241205 0.8592713739 0.5109322513 -0.0173298635 0.0000000000 0.0000000000 0.0329863558
-0.7341964245 -0.0001333654 -0.0035205637 0.0816206783 -0.0089802714 -0.2473694018 -0.0456379460 -0.1569800569 0.0467923020 -0.0367128581 0.1888597173 0.8101574387 0.5860141283 -0.0152435542 -0.5855263103 0.8101933526 0.0273069839 0.0283525047 -0.0131974541 0.9995108617 -0.0127078380 0.0606777836 0.2624779013 -0.0158184469 -0.0030160993 -0.0062674591 0.0897808746 0.0133490106 -0.1527982354 -0.0248634163 -0.1268744171 0.2468410134 0.0401661135 0.2049618661 0.8591743564 0.5110752857 -0.0176234727 0.0000000000 0.0000000000 0.0329555855
-0.7343220711 0.0000373423 -0.0034012664 0.0811840370 -0.0088470057 -0.2471313210 -0.0458234151 -0.1560379716 0.0481666326 -0.0373462650 0.1881187386 0.8093858941 0.5870723460 -0.0155091908 -0.5865824606 0.8094306309 0.0272593227 0.0285568086 -0.0129658920 0.9995080762 -0.0140884535 0.0599808128 0.2589807199 -0.0162868313 -0.0031197830 -0.0064127501 0.0909180120 0.0137974760 -0.1515689939 -0.0246633943 -0.1258537322 0.2448552251 0.0398429818 0.2033129781 0.8590774393 0.5112180471 -0.0179129238 0.0000000000 0.0000000000 0.0329255429
-0.7344415784 0.0001984835 -0.0032873780 0.0807486922 -0.0087149916 -0.2468863412 -0.0460120166 -0.1550996612 0.0495500398 -0.0379681121 0.1873545695 0.8086232001 0.5881154390 -0.0157718340 -0.5876237962 0.8086767950 0.0272050628 0.0287540336 -0.0127307400 0.9995054446 -0.0153935690 0.0592679639 0.2555351151 -0.0167601556 -0.0032254015 -0.0065584574 0.0920379609 0.0142514734 -0.1503496468 -0.0244649816 -0.1248412654 0.2428854108 0.0395224541 0.2016773671 0.8589806302 0.5113605411 -0.0181981598 0.0000000000 0.0000000000 0.0328962425
-0.7345551252 0.0003506392 -0.0031786156 0.0803148597 -0.0085842889 -0.2466344179 -0.0462036923 -0.1541652384 0.0509422074 -0.0385782580 0.1865683351 0.8078692664 0.5891436519 -0.0160314047 -0.5886505538 0.8079317412 0.0271445604 0.0289443262 -0.0124923609 0.9995029599 -0.0166272673 0.0585394632 0.2521406357 -0.0172383338 -0.0033329611 -0.0067045572 0.0931409746 0.0147109134 -0.1491401196 -0.0242681652 -0.1238369420 0.2409314364 0.0392045006 0.2000549138 0.8588839367 0.5115027737 -0.0184791244 0.0000000000 0.0000000000 0.0328676937
-0.7346627712 0.0004938393 -0.0030746958 0.0798825249 -0.0084549561 -0.2463755083 -0.0463983833 -0.1532348100 0.0523428267 -0.0391765774 0.1857611323 0.8071240023 0.5901572263 -0.0162878241 -0.5896629672 0.8071953660 0.0270781522 0.0291278233 -0.0122510998 0.9995006155 -0.0177934071 0.0577955271 0.2487967973 -0.0177212842 -0.0034424695 -0.0068510305 0.0942273140 0.0151757132 -0.1479403079 -0.0240729321 -0.1228406951 0.2389931828 0.0388891101 0.1984454989 0.8587873660 0.5116447509 -0.0187557621 0.0000000000 0.0000000000 0.0328399039
-0.7347649336 0.0006287991 -0.0029756934 0.0794519037 -0.0083270529 -0.2461095711 -0.0465960302 -0.1523084777 0.0537515960 -0.0397629610 0.1849340422 0.8063873167 0.5911564009 -0.0165410146 -0.5906612674 0.8064675658 0.0270061558 0.0293046537 -0.0120072849 0.9994984054 -0.0188957371 0.0570366311 0.2455030914 -0.0182089210 -0.0035539332 -0.0069978563 0.0952972174 0.0156457908 -0.1467501521 -0.0238792691 -0.1218524650 0.2370705307 0.0385762528 0.1968490481 0.8586909254 0.5117864791 -0.0190280185 0.0000000000 0.0000000000 0.0328128763
-0.7348614335 0.0007556378 -0.0028814296 0.0790228993 -0.0082007600 -0.2458365663 -0.0467965729 -0.1513863379 0.0551682186 -0.0403373132 0.1840880830 0.8056591180 0.5921414115 -0.0167908999 -0.5916456825 0.8057482376 0.0269288714 0.0294749379 -0.0117612273 0.9994963239 -0.0199378254 0.0562629651 0.2422589853 -0.0187011622 -0.0036673597 -0.0071450137 0.0963509381 0.0161210559 -0.1455695778 -0.0236871652 -0.1208721846 0.2351633459 0.0382659137 0.1952654272 0.8585946218 0.5119279648 -0.0192958408 0.0000000000 0.0000000000 0.0327866123
-0.7349529266 0.0008744893 -0.0027916657 0.0785958171 -0.0080759553 -0.2455564556 -0.0469999510 -0.1504684819 0.0565924047 -0.0408995527 0.1832242835 0.8049393148 0.5931124905 -0.0170374038 -0.5926164373 0.8050372782 0.0268465813 0.0296387879 -0.0115132232 0.9994943661 -0.0209231348 0.0554747616 0.2390638850 -0.0191979241 -0.0037827543 -0.0072924858 0.0973886997 0.0166014358 -0.1443984956 -0.0234966073 -0.1198997870 0.2332714945 0.0379580706 0.1936945617 0.8584984622 0.5120692146 -0.0195591764 0.0000000000 0.0000000000 0.0327611097
-0.7350393534 0.0009861287 -0.0027062530 0.0781706497 -0.0079528205 -0.2452692021 -0.0472061038 -0.1495549959 0.0580238683 -0.0414496107 0.1823435833 0.8042278153 0.5940698671 -0.0172804518 -0.5935737537 0.8043345854 0.0267595513 0.0297963081 -0.0112635529 0.9994925274 -0.0218550356 0.0546724568 0.2359172192 -0.0196991190 -0.0039001238 -0.0074402536 0.0984107628 0.0170868430 -0.1432368308 -0.0233075805 -0.1189352125 0.2313948721 0.0376527049 0.1921363175 0.8584024533 0.5122102353 -0.0198179740 0.0000000000 0.0000000000 0.0327363630
-0.7351208925 0.0010905410 -0.0026251911 0.0777474791 -0.0078314133 -0.2449747701 -0.0474149703 -0.1486459617 0.0594623281 -0.0419874307 0.1814469065 0.8035245280 0.5950137675 -0.0175199705 -0.5945178503 0.8036400573 0.0266680313 0.0299475959 -0.0110124821 0.9994908037 -0.0227366575 0.0538562879 0.2328183687 -0.0202046689 -0.0040194737 -0.0075882999 0.0994173661 0.0175772030 -0.1420845240 -0.0231200755 -0.1179784015 0.2295333445 0.0373497978 0.1905906200 0.8583066017 0.5123510338 -0.0200721833 0.0000000000 0.0000000000 0.0327123664
-0.7351976633 0.0011880392 -0.0025482420 0.0773262084 -0.0077116750 -0.2446731255 -0.0476264889 -0.1477414564 0.0609075078 -0.0425129678 0.1805351535 0.8028293616 0.5959444141 -0.0177558873 -0.5954489425 0.8029535927 0.0265722558 0.0300927409 -0.0107602628 0.9994891914 -0.0235710783 0.0530264972 0.2297666816 -0.0207144879 -0.0041408101 -0.0077366084 0.1004087180 0.0180724356 -0.1409414858 -0.0229340792 -0.1170292869 0.2276867926 0.0370493233 0.1890573502 0.8582109139 0.5124916171 -0.0203217547 0.0000000000 0.0000000000 0.0326891111
-0.7352702618 0.0012788766 -0.0024748989 0.0769071206 -0.0075936052 -0.2443642356 -0.0478405984 -0.1468415529 0.0623591350 -0.0430261883 0.1796092004 0.8021422249 0.5968620261 -0.0179881308 -0.5963672423 0.8022750912 0.0264724445 0.0302318262 -0.0105071336 0.9994876872 -0.0243612539 0.0521833986 0.2267615190 -0.0212284923 -0.0042641386 -0.0078851636 0.1013850719 0.0185724627 -0.1398076266 -0.0227495786 -0.1160878092 0.2258550823 0.0367512703 0.1875364184 0.8581153964 0.5126319922 -0.0205666392 0.0000000000 0.0000000000 0.0326665858
-0.7353381515 0.0013634927 -0.0024054898 0.0764901638 -0.0074772635 -0.2440480690 -0.0480572369 -0.1459463197 0.0638169391 -0.0435270679 0.1786698324 0.8014630273 0.5977668193 -0.0182166316 -0.5972729586 0.8016044531 0.0263688031 0.0303649285 -0.0102533193 0.9994862883 -0.0251099538 0.0513276032 0.2238022457 -0.0217466019 -0.0043894639 -0.0080339499 0.1023466438 0.0190772135 -0.1386829019 -0.0225665625 -0.1151539013 0.2240381241 0.0364556126 0.1860277206 0.8580200553 0.5127721663 -0.0208067896 0.0000000000 0.0000000000 0.0326447786
-0.7354019880 0.0014420886 -0.0023395377 0.0760753751 -0.0073626498 -0.2437245954 -0.0482763428 -0.1450558214 0.0652806554 -0.0440155932 0.1777178906 0.8007916783 0.5986590061 -0.0184413223 -0.5981662968 0.8009415795 0.0262615238 0.0304921196 -0.0099990322 0.9994849924 -0.0258198595 0.0504593704 0.2208882074 -0.0222687330 -0.0045167911 -0.0081829531 0.1032936499 0.0195866060 -0.1375672221 -0.0223850179 -0.1142275110 0.2222357839 0.0361623354 0.1845311671 0.8579248969 0.5129121463 -0.0210421603 0.0000000000 0.0000000000 0.0326236759
