# Actions and States
# action[0], ..., state[0], ..., command[0], ...
-0.9878783226 0.1403605640 -0.1761274189 0.0982164443 -0.0245820824 0.2550789090 0.3352717674 0.3841870401 0.0000000000 0.0000000000 0.0000000000 0.0546601129 0.9985050185 0.0000000000 -0.9985050185 0.0546601129 0.0000000000 0.0000000000 0.0000000000 1.0000000000 0.0000000000 0.0000000000 0.0000000000 0.0000044249 0.0000058160 0.0000066645 0.0009363829 0.0000023410 0.2515512705 0.3306351006 0.3788738847 -0.3503136635 -0.4604468346 -0.5276248455 0.0565299820 0.9984009020 0.0000000000 0.0000000000 0.0000000000 -0.1872765805
-0.9865032434 0.1333041787 -0.1737870276 0.1018475369 -0.0251944978 0.2550789089 0.3352717671 0.3841033892 -0.0000000760 -0.0000002107 -0.0334603913 0.0546620387 0.9985049021 0.0001484491 -0.9985049117 0.0546620458 -0.0000445790 -0.0000526269 -0.0001457904 0.9999999880 -0.0178316557 -0.0593665001 -0.0007727747 0.0000176688 0.0000232235 0.0000264027 0.0018708300 0.0000093587 0.2498057783 0.3283408582 0.3762449324 -0.3478828669 -0.4572518468 -0.5239636898 0.0574648348 0.9983475089 0.0001485737 0.0000000000 0.0000000000 -0.1872739537
-0.9843711257 0.1255831718 -0.1705663204 0.1057975292 -0.0256723966 0.2550789065 0.3352717604 0.3838107936 -0.0000009230 -0.0000025388 -0.0752127334 0.0546697151 0.9985042764 0.0006574323 -0.9985044646 0.0546698582 -0.0002017918 -0.0002374317 -0.0006454172 0.9999997635 -0.0405968997 -0.1293890309 -0.0021380816 0.0000396701 0.0000521417 0.0000583903 0.0027993883 0.0000210328 0.2480724156 0.3260625303 0.3736342192 -0.3454689384 -0.4540790319 -0.5203279853 0.0583994966 0.9982928590 0.0006581815 0.0000000000 0.0000000000 -0.1872501344
-0.9818125367 0.1191208065 -0.1669865251 0.1094984934 -0.0260209106 0.2550788949 0.3352717288 0.3833098606 -0.0000035650 -0.0000096369 -0.1168136424 0.0546855305 0.9985024976 0.0015016703 -0.9985034718 0.0546862982 -0.0004749886 -0.0005563981 -0.0014734481 0.9999987597 -0.0641121786 -0.1945087889 -0.0040379400 0.0000703677 0.0000924900 0.0001014919 0.0037193047 0.0000373257 0.2463510633 0.3238000274 0.3710415959 -0.3430717885 -0.4509282410 -0.5167174935 0.0593335751 0.9982359459 0.0015038638 0.0000000000 0.0000000000 -0.1871812951
-0.9787340760 0.1135402396 -0.1630014479 0.1129737571 -0.0262316484 0.2550788617 0.3352716404 0.3826015513 -0.0000091519 -0.0000242533 -0.1581965619 0.0547118114 0.9984986432 0.0026603204 -0.9985016741 0.0547142899 -0.0008679501 -0.0010122045 -0.0026088472 0.9999960847 -0.0883611435 -0.2561145096 -0.0064513538 0.0001097007 0.0001441885 0.0001545769 0.0046276501 0.0000581858 0.2446416616 0.3215532303 0.3684670031 -0.3406912386 -0.4477992952 -0.5131320357 0.0602664212 0.9981752115 0.0026650990 0.0000000000 0.0000000000 -0.1870441574
-0.9750190377 0.1084380746 -0.1585549265 0.1162477136 -0.0262994301 0.2550787883 0.3352714484 0.3816871614 -0.0000190220 -0.0000494032 -0.1992920552 0.0547506095 0.9984915593 0.0041202911 -0.9984987660 0.0547567168 -0.0013842573 -0.0016077828 -0.0040383166 0.9999905535 -0.1133401741 -0.3156656318 -0.0093529789 0.0001576085 0.0002071571 0.0002165208 0.0055215377 0.0000835468 0.2429441214 0.3193219900 0.3659102321 -0.3383272290 -0.4446920753 -0.5095714927 0.0611971342 0.9981086170 0.0041291093 0.0000000000 0.0000000000 -0.1868152441
-0.9705230594 0.1034675166 -0.1535699815 0.1193379536 -0.0262141358 0.2550786486 0.3352710902 0.3805683583 -0.0000347825 -0.0000885762 -0.2400221714 0.0548037786 0.9984798591 0.0058751083 -0.9984943860 0.0548165071 -0.0020277121 -0.0023466826 -0.0057551364 0.9999806856 -0.1391341928 -0.3743930461 -0.0127351336 0.0002140309 0.0002813166 0.0002862072 0.0063980366 0.0001133281 0.2412583679 0.3171062768 0.3633712232 -0.3359796107 -0.4416064024 -0.5060356259 0.0621245519 0.9980336473 0.0058897201 0.0000000000 0.0000000000 -0.1864696951
-0.9650686383 0.0983236060 -0.1479449719 0.1222571209 -0.0259605721 0.2550784073 0.3352704832 0.3792472343 -0.0000584157 -0.0001459851 -0.2802966390 0.0548730511 0.9984618969 0.0079239277 -0.9984881036 0.0548967346 -0.0028027813 -0.0032334681 -0.0077581503 0.9999646773 -0.1659175746 -0.4333619492 -0.0166078619 0.0002789081 0.0003665877 0.0003625300 0.0072540706 0.0001474337 0.2395842969 0.3149059117 0.3608498573 -0.3336482942 -0.4385421574 -0.5025243163 0.0630472243 0.9979472699 0.0079463668 0.0000000000 0.0000000000 -0.1859797677
-0.9584377408 0.0927202329 -0.1415504515 0.1250136197 -0.0255169310 0.2550780178 0.3352695209 0.3777263818 -0.0000924283 -0.0002268857 -0.3200084374 0.0549601048 0.9984357240 0.0102709298 -0.9984794032 0.0550007258 -0.0037150406 -0.0042741378 -0.0100511328 0.9999403515 -0.1939557798 -0.4935456689 -0.0209988163 0.0003521801 0.0004628910 0.0004443951 0.0080863135 0.0001857521 0.2379218638 0.3127208054 0.3583459556 -0.3313331604 -0.4354991615 -0.4990373552 0.0639633691 0.9978458554 0.0103034840 0.0000000000 0.0000000000 -0.1853129401
-0.9503642321 0.0863754004 -0.1342225969 0.1276127100 -0.0248540118 0.2550774189 0.3352680665 0.3760089912 -0.0001400567 -0.0003379993 -0.3590288376 0.0550666207 0.9983990236 0.0129250550 -0.9984676631 0.0551321791 -0.0047716402 -0.0054765874 -0.0126424914 0.9999050827 -0.2236125276 -0.5558890595 -0.0259538007 0.0004337875 0.0005701474 0.0005307238 0.0088910675 0.0002281539 0.2362709492 0.3105508685 0.3558594286 -0.3290340602 -0.4324772954 -0.4955745935 0.0648708054 0.9977250587 0.0129702322 0.0000000000 0.0000000000 -0.1844294632
-0.9405255318 0.0789907351 -0.1257563084 0.1300570220 -0.0239340253 0.2550765300 0.3352659434 0.3740989763 -0.0002055519 -0.0004880794 -0.3972017837 0.0551943341 0.9983490243 0.0159000349 -0.9984521257 0.0552953025 -0.0059818166 -0.0068511380 -0.0155452612 0.9998556930 -0.2553611094 -0.6213661696 -0.0315379781 0.0005236708 0.0006882775 0.0006204559 0.0096641267 0.0002744901 0.2346314937 0.3083960116 0.3533901572 -0.3267509341 -0.4294763803 -0.4921358526 0.0657668589 0.9975796562 0.0159605174 0.0000000000 0.0000000000 -0.1832791494
-0.9285351038 0.0702389255 -0.1158973426 0.1323469728 -0.0227085054 0.2550752456 0.3352629234 0.3720011294 -0.0002945728 -0.0006886725 -0.4343375954 0.0553450761 0.9982823840 0.0192146905 -0.9984318580 0.0554949777 -0.0073574699 -0.0084111514 -0.0187773595 0.9997883092 -0.2898003620 -0.6910305763 -0.0378377595 0.0006217702 0.0008172010 0.0007125534 0.0104006110 0.0003245891 0.2330034077 0.3062560856 0.3509380221 -0.3244836628 -0.4264962971 -0.4887209833 0.0666482293 0.9974033262 0.0192932733 0.0000000000 0.0000000000 -0.1817971052
-0.9139360189 0.0597480610 -0.1043315083 0.1344812065 -0.0211162176 0.2550734261 0.3352587097 0.3697213101 -0.0004147230 -0.0009551344 -0.4702060467 0.0555208046 0.9981950357 0.0228934719 -0.9984056966 0.0557369593 -0.0089138280 -0.0101737513 -0.0223620698 0.9996981708 -0.3276745238 -0.7660632869 -0.0449628888 0.0007280259 0.0009568372 0.0008060057 0.0110947611 0.0003782527 0.2313866317 0.3041310012 0.3485029042 -0.3222320974 -0.4235368967 -0.4853298068 0.0675108082 0.9971883562 0.0229929738 0.0000000000 0.0000000000 -0.1798980314
-0.8966214061 0.0491794050 -0.0919848531 0.1363518536 -0.0193597320 0.2550708732 0.3352528851 0.3672678590 -0.0005815470 -0.0013194757 -0.5040533256 0.0557218643 0.9980826707 0.0269454307 -0.9983724098 0.0560258325 -0.0106600846 -0.0121492859 -0.0263075748 0.9995800650 -0.3658223639 -0.8391061527 -0.0522423787 0.0008423779 0.0011071041 0.0008998384 0.0117419921 0.0004352567 0.2297810614 0.3020206690 0.3460846841 -0.3199961782 -0.4205980301 -0.4819621742 0.0683500046 0.9969264041 0.0270684867 0.0000000000 0.0000000000 -0.1775839300
-0.8768983483 0.0404677242 -0.0801384300 0.1378483921 -0.0177292135 0.2550672866 0.3352448240 0.3646536581 -0.0008183368 -0.0018290642 -0.5349455483 0.0559446454 0.9979420628 0.0313342606 -0.9983311062 0.0563615980 -0.0125846168 -0.0143247675 -0.0305779251 0.9994297332 -0.4000453675 -0.9015320449 -0.0588289507 0.0009647647 0.0012679176 0.0009931306 0.0123423040 0.0004953658 0.2281866372 0.2999249995 0.3436832428 -0.3177757561 -0.4176795483 -0.4786178768 0.0691619036 0.9966108290 0.0314829732 0.0000000000 0.0000000000 -0.1749522592
-0.8550673723 0.0334326997 -0.0689797550 0.1389795542 -0.0162898786 0.2550622431 0.3352336549 0.3618953013 -0.0011494283 -0.0025317417 -0.5623445833 0.0561835839 0.9977711224 0.0360026689 -0.9982812199 0.0567414115 -0.0146635009 -0.0166736600 -0.0351169402 0.9992441091 -0.4296078330 -0.9533735179 -0.0646065436 0.0010951241 0.0014391902 0.0010850357 0.0128985457 0.0005583516 0.2266032845 0.2978438437 0.3412984908 -0.3155707419 -0.4147813022 -0.4752967954 0.0699435459 0.9962370061 0.0361783572 0.0000000000 0.0000000000 -0.1720696804
-0.8315405846 0.0274246838 -0.0583993271 0.1397793293 -0.0150278816 0.2550551921 0.3352182601 0.3590114521 -0.0016016052 -0.0034790165 -0.5858586428 0.0564336612 0.9975681103 0.0409036332 -0.9982222813 0.0571625452 -0.0168736637 -0.0191707846 -0.0398786754 0.9990206065 -0.4547079939 -0.9966116410 -0.0696608252 0.0012333913 0.0016208303 0.0011747965 0.0134134470 0.0006239998 0.2250308990 0.2957771420 0.3389302492 -0.3133810461 -0.4119032025 -0.4719987810 0.0706924260 0.9958010554 0.0411067160 0.0000000000 0.0000000000 -0.1689890174
-0.8069241047 0.0219747368 -0.0483071022 0.1402731538 -0.0139252478 0.2550454409 0.3351972511 0.3560225262 -0.0022042336 -0.0047265444 -0.6051674661 0.0566904897 0.9973316107 0.0459983324 -0.9981539359 0.0576224441 -0.0191930771 -0.0217923989 -0.0448253516 0.9987571172 -0.4755404862 -1.0325982972 -0.0740796578 0.0013794993 0.0018127400 0.0012617530 0.0138895661 0.0006921096 0.2234694511 0.2937247753 0.3365784585 -0.3112065196 -0.4090450406 -0.4687236249 0.0714065248 0.9952997970 0.0462282391 0.0000000000 0.0000000000 -0.1657669238
-0.7819759250 0.0167921353 -0.0386468582 0.1404820979 -0.0129680512 0.2550321464 0.3351689560 0.3529502436 -0.0029877362 -0.0063312209 -0.6200545866 0.0569503294 0.9970605812 0.0512528771 -0.9980759643 0.0581186853 -0.0216006448 -0.0245159013 -0.0499241009 0.9984520793 -0.4922780538 -1.0621114048 -0.0779453934 0.0015333772 0.0020148149 0.0013453523 0.0143293301 0.0007624923 0.2219188213 0.2916866541 0.3342429698 -0.3090471029 -0.4062067270 -0.4654712081 0.0720843729 0.9947308506 0.0515079870 0.0000000000 0.0000000000 -0.1624632504
-0.7575263977 0.0117205456 -0.0293903332 0.1404268146 -0.0121458163 0.2550143151 0.3351314245 0.3498170192 -0.0039815662 -0.0083474063 -0.6304363842 0.0572101022 0.9967544140 0.0566360527 -0.9979882978 0.0586489389 -0.0240761169 -0.0273196202 -0.0551447208 0.9981045527 -0.5050795441 -1.0855561898 -0.0813357081 0.0016949497 0.0022269415 0.0014251517 0.0147350701 0.0008349715 0.2203789502 0.2896626890 0.3319236934 -0.3069026470 -0.4033881128 -0.4622413814 0.0727251111 0.9940927587 0.0569136669 0.0000000000 0.0000000000 -0.1591400089
-0.7343748808 0.0067020175 -0.0205357708 0.1401295513 -0.0114497310 0.2549908149 0.3350824526 0.3466452445 -0.0052120154 -0.0108229293 -0.6363779586 0.0574674069 0.9964129941 0.0621179717 -0.9978910271 0.0592109407 -0.0266000472 -0.0301826962 -0.0604583308 0.9977142853 -0.5140979425 -1.1031266394 -0.0843248285 0.0018641374 0.0024489970 0.0015008214 0.0151090547 0.0009093821 0.2188497633 0.2876527309 0.3296205103 -0.3047730923 -0.4005890489 -0.4590339363 0.0733285386 0.9933851023 0.0624143195 0.0000000000 0.0000000000 -0.1558602224
-0.7131974697 0.0017451403 -0.0121025788 0.1396168470 -0.0108730681 0.2549603969 0.3350196255 0.3434565440 -0.0067002550 -0.0137956098 -0.6380910163 0.0577205291 0.9960367424 0.0676694041 -0.9977844058 0.0598024760 -0.0291537894 -0.0330850433 -0.0658367040 0.9972817597 -0.5194882560 -1.1149249964 -0.0869840391 0.0020408547 0.0026808465 0.0015721422 0.0154534988 0.0009855705 0.2173311859 0.2856567502 0.3273333311 -0.3026583195 -0.3978094161 -0.4558487535 0.0738951428 0.9926085866 0.0679796868 0.0000000000 0.0000000000 -0.1526865195
-0.6941717863 -0.0041358606 -0.0039654165 0.1400044858 -0.0104090981 0.2549217255 0.3349403759 0.3402710921 -0.0084609451 -0.0172908950 -0.6359145521 0.0579684374 0.9956266363 0.0732615955 -0.9976688475 0.0604213720 -0.0317195283 -0.0360073734 -0.0712520800 0.9968082113 -0.5214142249 -1.1210447128 -0.0893820583 0.0022250102 0.0029223447 0.0016389999 0.0157705788 0.0010633937 0.2158231586 0.2836746275 0.3250620067 -0.3005582094 -0.3950490654 -0.4526856840 0.0744261061 0.9917650809 0.0735800655 0.0000000000 0.0000000000 -0.1496795033
-0.6888874173 -0.0162439141 0.0031080742 0.1398604065 -0.0100512700 0.2548734085 0.3348420406 0.3371071817 -0.0105032995 -0.0213242516 -0.6302377691 0.0582108514 0.9951843741 0.0788641769 -0.9975449233 0.0610654877 -0.0342802013 -0.0389310001 -0.0766750796 0.9962957941 -0.5199977038 -1.1207288047 -0.0915852200 0.0024165052 0.0031733322 0.0017013769 0.0160624366 0.0011427201 0.2143255919 0.2817062438 0.3228064179 -0.2984726727 -0.3923078477 -0.4495445490 0.0749233930 0.9908579499 0.0791842696 0.0000000000 0.0000000000 -0.1469003447
-0.6922953725 -0.0295856800 0.0088959374 0.1391917467 -0.0097888559 0.2548141911 0.3347222368 0.3339769304 -0.0127638797 -0.0257689049 -0.6231350607 0.0584488657 0.9947136521 0.0844303283 -0.9974133222 0.0617327637 -0.0368202460 -0.0418377189 -0.0820598326 0.9957488585 -0.5157139357 -1.1083181999 -0.0936605361 0.0026152364 0.0034336383 0.0017593326 0.0163310990 0.0012234283 0.2128384113 0.2797515094 0.3205665052 -0.2964015901 -0.3895856738 -0.4464251995 0.0753903968 0.9898946412 0.0847450138 0.0000000000 0.0000000000 -0.1443784729
-0.6950033903 -0.0380140357 0.0135493781 0.1383672804 -0.0095936693 0.2547431947 0.3345793307 0.3308818220 -0.0151742160 -0.0304887989 -0.6163659476 0.0586854167 0.9942211715 0.0898904003 -0.9972747723 0.0624213210 -0.0393269281 -0.0447107421 -0.0873375113 0.9951749136 -0.5091117483 -1.0814242189 -0.0956776360 0.0028210939 0.0037030824 0.0018129607 0.0165783688 0.0013054062 0.2113615423 0.2778103352 0.3183421493 -0.2943449020 -0.3868823946 -0.4433275163 0.0758323585 0.9888887205 0.0901927888 0.0000000000 0.0000000000 -0.1421388235
-0.6969339848 -0.0426850393 0.0172155332 0.1374437213 -0.0094416915 0.2546597375 0.3344120853 0.3278188652 -0.0177209177 -0.0354548014 -0.6101446714 0.0589240962 0.9937144057 0.0951820925 -0.9971300218 0.0631294390 -0.0417898743 -0.0475359922 -0.0924464914 0.9945823122 -0.5005726287 -1.0442107413 -0.0976934586 0.0030339658 0.0039814785 0.0018623515 0.0168058705 0.0013885506 0.2098949403 0.2758826613 0.3161332011 -0.2923024893 -0.3841978610 -0.4402513206 0.0762550698 0.9878553327 0.0954658240 0.0000000000 0.0000000000 -0.1402138193
-0.6983057261 -0.0449807309 0.0201012529 0.1364555806 -0.0093243998 0.2545631355 0.3342192780 0.3247857276 -0.0204048869 -0.0406644123 -0.6043337469 0.0591680749 0.9931995969 0.1002681386 -0.9969798385 0.0638555125 -0.0442003973 -0.0503024902 -0.0973500602 0.9939781815 -0.4904145056 -1.0011602082 -0.0997445501 0.0032537354 0.0042686318 0.0019075826 0.0170151275 0.0014727664 0.2084385008 0.2739683390 0.3139396012 -0.2902742326 -0.3815319538 -0.4371964633 0.0766637190 0.9868071302 0.1005274677 0.0000000000 0.0000000000 -0.1386209432
-0.6992787719 -0.0458366573 0.0223647766 0.1354250759 -0.0092362519 0.2544527014 0.3339997038 0.3217806996 -0.0232262039 -0.0461129446 -0.5988243458 0.0594200644 0.9926817673 0.1051292764 -0.9968249934 0.0645980538 -0.0465513040 -0.0530017773 -0.1020294088 0.9933684167 -0.4789115024 -0.9552535015 -0.1018543569 0.0034802840 0.0045643458 0.0019487224 0.0172075741 0.0015579655 0.2069921643 0.2720673084 0.3117612004 -0.2882600427 -0.3788845539 -0.4341628253 0.0770628505 0.9857542969 0.1053590938 0.0000000000 0.0000000000 -0.1373631895
-0.6999606490 -0.0458365604 0.0241200328 0.1343664676 -0.0091723017 0.2543277515 0.3337521881 0.3188025189 -0.0261837947 -0.0517934659 -0.5935385611 0.0596824107 0.9921649583 0.1097574846 -0.9966662496 0.0653556983 -0.0488366630 -0.0556273028 -0.1064768908 0.9927579135 -0.4662964855 -0.9083204481 -0.1040382186 0.0037134900 0.0048684152 0.0019858321 0.0173845347 0.0016440668 0.2055558711 0.2701794505 0.3095979393 -0.2862598598 -0.3762555122 -0.4311501980 0.0774564642 0.9847050331 0.1099533159 0.0000000000 0.0000000000 -0.1364339433
-0.7004243731 -0.0453409068 0.0254528970 0.1332894266 -0.0091274232 0.2541876097 0.3334755953 0.3158502452 -0.0292757152 -0.0576976783 -0.5884196817 0.0599571760 0.9916524436 0.1141515140 -0.9965043526 0.0661272069 -0.0510516182 -0.0581739828 -0.1106915697 0.9921507769 -0.4527695824 -0.8614555635 -0.1063058272 0.0039532287 0.0051806322 0.0020189679 0.0175472219 0.0017309961 0.2041295469 0.2683047056 0.3074496686 -0.2842735350 -0.3736447394 -0.4281585217 0.0778481078 0.9836659891 0.1143095077 0.0000000000 0.0000000000 -0.1358202338
-0.7007209063 -0.0445692800 0.0264289510 0.1322005093 -0.0090965508 0.2540316121 0.3331688340 0.3129231765 -0.0324993852 -0.0638165355 -0.5834253048 0.0602461977 0.9911468955 0.1183141044 -0.9963400231 0.0669114643 -0.0531922393 -0.0606378928 -0.1146764473 0.9915504820 -0.4385042986 -0.8152972240 -0.1086625577 0.0041993717 0.0055007818 0.0020481823 0.0176967364 0.0018186840 0.2027131170 0.2664429843 0.3053162992 -0.2823009789 -0.3710520566 -0.4251875579 0.0782409452 0.9826426013 0.1184310135 0.0000000000 0.0000000000 -0.1355050157
-0.7008863688 -0.0436552577 0.0271001253 0.1311047077 -0.0090747969 0.2538591087 0.3328308589 0.3100207914 -0.0358517545 -0.0701406278 -0.5785229082 0.0605511270 0.9906505098 0.1222502697 -0.9961739501 0.0677074733 -0.0552554003 -0.0630160473 -0.1184367573 0.9909599953 -0.4236522021 -0.7702042260 -0.1111103476 0.0044517876 0.0058286451 0.0020735255 0.0178340711 0.0019070674 0.2013065070 0.2645941675 0.3031977713 -0.2803421319 -0.3684773743 -0.4222372472 0.0786378084 0.9816393470 0.1223234294 0.0000000000 0.0000000000 -0.1354687306
-0.7009480000 -0.0426788293 0.0275089759 0.1300062686 -0.0090577509 0.2536694661 0.3324606724 0.3071427094 -0.0393294246 -0.0766604270 -0.5736869185 0.0608734545 0.9901651005 0.1259662505 -0.9960067860 0.0685143473 -0.0572386791 -0.0653062379 -0.1219789242 0.9903818644 -0.4083464013 -0.7263647170 -0.1136483261 0.0047103437 0.0061639971 0.0020950460 0.0179601144 0.0019960869 0.1999096721 0.2627581656 0.3010939062 -0.2783968747 -0.3659205437 -0.4193073809 0.0790412354 0.9806599339 0.1259935525 0.0000000000 0.0000000000 -0.1356903916
-0.7009266019 -0.0416874103 0.0276912265 0.1289081424 -0.0090412414 0.2534620689 0.3320573247 0.3042886616 -0.0429287284 -0.0833664186 -0.5688969005 0.0612145263 0.9896921702 0.1294688769 -0.9958391431 0.0693313013 -0.0591402719 -0.0675069098 -0.1253099317 0.9898182854 -0.3927040699 -0.6838637500 -0.1162733518 0.0049749035 0.0065066116 0.0021127912 0.0180756561 0.0020856888 0.1985225230 0.2609349191 0.2990046442 -0.2764651179 -0.3633814752 -0.4163978696 0.0794534992 0.9797074434 0.1294487432 0.0000000000 0.0000000000 -0.1361483638
-0.7008379102 -0.0407078639 0.0276771709 0.1278133690 -0.0090215141 0.2532363202 0.3316199129 0.3014584692 -0.0466457909 -0.0902491810 -0.5641363156 0.0615755547 0.9892329636 0.1327651865 -0.9956715901 0.0701576425 -0.0609589186 -0.0696170642 -0.1284369451 0.9892711537 -0.3768284552 -0.6427246800 -0.1189803738 0.0052453266 0.0068562557 0.0021268073 0.0181814060 0.0021758210 0.1971450001 0.2591243386 0.2969298959 -0.2745467424 -0.3608600199 -0.4135085344 0.0798766309 0.9787844381 0.1326965405 0.0000000000 0.0000000000 -0.1368209164
-0.7006950378 -0.0397552140 0.0274934005 0.1267242581 -0.0089952899 0.2529916435 0.3311475812 0.2986520271 -0.0504765820 -0.0972994418 -0.5593915665 0.0619576239 0.9887885093 0.1358621978 -0.9955046512 0.0709927601 -0.0626938388 -0.0716361798 -0.1313670885 0.9887421028 -0.3608105567 -0.6029351151 -0.1217627486 0.0055214721 0.0072126919 0.0021371413 0.0182779841 0.0022664368 0.1957770288 0.2573263049 0.2948695421 -0.2726417184 -0.3583560288 -0.4106392264 0.0803124381 0.9778930450 0.1357444354 0.0000000000 0.0000000000 -0.1376866127
-0.7005095482 -0.0388365239 0.0271620974 0.1256432682 -0.0089597693 0.2527274824 0.3306395195 0.2958692905 -0.0544169489 -0.1045080935 -0.5546514431 0.0623616946 0.9883596508 0.1387667815 -0.9953388044 0.0718361153 -0.0643446740 -0.0735641461 -0.1341073195 0.9882325350 -0.3447304162 -0.5644622877 -0.1246125340 0.0058031958 0.0075756814 0.0021438394 0.0183659475 0.0023574913 0.1944185644 0.2555407584 0.2928234637 -0.2707498670 -0.3558694422 -0.4077898562 0.0807625213 0.9770350189 0.1385997409 0.0000000000 0.0000000000 -0.1387246003
-0.7002899647 -0.0379548557 0.0267044883 0.1245722100 -0.0089125661 0.2524433018 0.3300949626 0.2931102645 -0.0584626352 -0.1118661857 -0.5499068115 0.0627886070 0.9879470729 0.1414855896 -0.9951744815 0.0726872320 -0.0659114378 -0.0754012079 -0.1366643609 0.9877436460 -0.3286585855 -0.5272630833 -0.1275207541 0.0060903509 0.0079449806 0.0021469486 0.0184457935 0.0024489427 0.1930695176 0.2537675798 0.2907916009 -0.2688711882 -0.3534001112 -0.4049602449 0.0812282873 0.9762117932 0.1412695211 0.0000000000 0.0000000000 -0.1399147695
-0.7000440359 -0.0371099450 0.0261380430 0.1235127226 -0.0088518336 0.2521385880 0.3295131899 0.2903749950 -0.0626093162 -0.1193649472 -0.5451501268 0.0632390828 0.9875513210 0.1440250214 -0.9950120689 0.0735456873 -0.0673944707 -0.0771479178 -0.1390446700 0.9872764448 -0.3126567081 -0.4912894470 -0.1304776190 0.0063827876 0.0083203418 0.0021465169 0.0185179617 0.0025407514 0.1917298287 0.2520067096 0.2887738347 -0.2670055032 -0.3509479165 -0.4021503031 0.0817109623 0.9754245205 0.1437605566 0.0000000000 0.0000000000 -0.1412379479
-0.6997786164 -0.0363008380 0.0254789274 0.1224663332 -0.0087762009 0.2518128493 0.3288935237 0.2876635611 -0.0668526162 -0.1269957797 -0.5403752182 0.0637137278 0.9871728189 0.1463912108 -0.9948519077 0.0744111038 -0.0687943993 -0.0788050926 -0.1412544277 0.9868317709 -0.2967787165 -0.4564924387 -0.1334727613 0.0066803559 0.0087015163 0.0021425923 0.0185828507 0.0026328797 0.1903994381 0.2502580583 0.2867700756 -0.2651527822 -0.3485127389 -0.3993598223 0.0822116039 0.9746741058 0.1460793322 0.0000000000 0.0000000000 -0.1426759520
-0.6994997263 -0.0355260409 0.0247413386 0.1214344874 -0.0086845960 0.2514656157 0.3282353291 0.2849760695 -0.0711881216 -0.1347502469 -0.5355771383 0.0642130347 0.9868118817 0.1485900275 -0.9946942958 0.0752831412 -0.0701121003 -0.0803737776 -0.1432995420 0.9864103087 -0.2810715381 -0.4228236960 -0.1364954516 0.0069829030 0.0090882508 0.0021352246 0.0186408237 0.0027252922 0.1890782714 0.2485215664 0.2847802043 -0.2633129358 -0.3460944295 -0.3965887129 0.0827311117 0.9739612339 0.1482320384 0.0000000000 0.0000000000 -0.1442116526
-0.6992123127 -0.0347823650 0.0239382833 0.1204182059 -0.0085761826 0.2510964394 0.3275380129 0.2823126479 -0.0756113954 -0.1426200677 -0.5307520167 0.0647373857 0.9864687289 0.1506270821 -0.9945394889 0.0761614900 -0.0713486683 -0.0818552132 -0.1451856550 0.9860126012 -0.2655758279 -0.3902361840 -0.1395347446 0.0072902720 0.0094802901 0.0021244637 0.0186922047 0.0028179549 0.1877662838 0.2467970997 0.2828041315 -0.2614858449 -0.3436929286 -0.3938368261 0.0832702385 0.9732863937 0.1502245767 0.0000000000 0.0000000000 -0.1458290006
-0.6989207268 -0.0340675712 0.0230810177 0.1194186136 -0.0084510222 0.2507048951 0.3268010227 0.2796734408 -0.0801179935 -0.1505971186 -0.5258968812 0.0652870563 0.9861434937 0.1525077377 -0.9943877029 0.0770458649 -0.0725053864 -0.0832508056 -0.1469181557 0.9856390612 -0.2503265053 -0.3586858664 -0.1425795864 0.0076023070 0.0098773772 0.0021103616 0.0187373068 0.0029108357 0.1864634007 0.2450845987 0.2808417976 -0.2596714199 -0.3413080871 -0.3911040425 0.0838296004 0.9726498981 0.1520625722 0.0000000000 0.0000000000 -0.1475130535
-0.6986291409 -0.0333790183 0.0221796017 0.1184365004 -0.0083086966 0.2502905793 0.3260238463 0.2770586053 -0.0847034781 -0.1586734308 -0.5210095390 0.0658622188 0.9858362326 0.1542371249 -0.9942391157 0.0779359998 -0.0735836995 -0.0845621016 -0.1485021969 0.9852899819 -0.2353534277 -0.3281313426 -0.1456191163 0.0079188496 0.0102792513 0.0020929710 0.0187764112 0.0030039041 0.1851695478 0.2433839887 0.2788930833 -0.2578695714 -0.3389397860 -0.3883902133 0.0844096865 0.9720519012 0.1537513890 0.0000000000 0.0000000000 -0.1492499513
-0.6983407140 -0.0327148177 0.0212435201 0.1174724549 -0.0081496220 0.2498531110 0.3252060109 0.2744683068 -0.0893634239 -0.1668411796 -0.5160885344 0.0664629462 0.9855469323 0.1558201557 -0.9940938695 0.0788316425 -0.0745851911 -0.0857907651 -0.1499427100 0.9849655468 -0.2206819343 -0.2985340487 -0.1486425899 0.0082397377 0.0106856506 0.0020723459 0.0188097898 0.0030971300 0.1838846803 0.2416951805 0.2769578695 -0.2560802698 -0.3365879357 -0.3856952190 0.0850108681 0.9714924139 0.1552961454 0.0000000000 0.0000000000 -0.1510268933
-0.6980599165 -0.0320821777 0.0202816483 0.1165347248 -0.0079742773 0.2493921310 0.3243470825 0.2719027167 -0.0940934337 -0.1750926914 -0.5111330023 0.0670892173 0.9852755177 0.1572615372 -0.9939520734 0.0797325514 -0.0755115619 -0.0869385568 -0.1512444194 0.9846658382 -0.2063331719 -0.2698576861 -0.1516395996 0.0085648112 0.0110963117 0.0020485420 0.0188377071 0.0031904862 0.1826087236 0.2400180846 0.2750360966 -0.2543033361 -0.3342523873 -0.3830189407 0.0856334077 0.9709713178 0.1567017277 0.0000000000 0.0000000000 -0.1528321304
-0.6979062557 -0.0324625932 0.0194011424 0.1164223850 -0.0077832555 0.2489073022 0.3234466649 0.2693620082 -0.0988891272 -0.1834204072 -0.5061428240 0.0677409226 0.9850218606 0.1585657640 -0.9938138056 0.0806384913 -0.0763646093 -0.0880073135 -0.1524118362 0.9843908497 -0.1923241751 -0.2420605551 -0.1546001580 0.0088939071 0.0115109673 0.0020216159 0.0188604109 0.0032839454 0.1813416332 0.2383526266 0.2731276453 -0.2525387704 -0.3319330513 -0.3803611994 0.0862774703 0.9704883836 0.1579727859 0.0000000000 0.0000000000 -0.1546549653
-0.6977249384 -0.0326149985 0.0184634794 0.1163550466 -0.0075767380 0.2483983129 0.3225044060 0.2668463117 -0.1037446543 -0.1918142795 -0.5011351438 0.0684180553 0.9847861050 0.1597350840 -0.9936791269 0.0815492114 -0.0771460878 -0.0889986655 -0.1534472335 0.9841408355 -0.1786192749 -0.2142811580 -0.1575148930 0.0092268586 0.0119293537 0.0019916256 0.0188781694 0.0033774828 0.1800833195 0.2366987318 0.2712324560 -0.2507864237 -0.3296298087 -0.3777219355 0.0869433569 0.9700439281 0.1591117797 0.0000000000 0.0000000000 -0.1564913577
-0.6975156069 -0.0325291976 0.0174710397 0.1163317189 -0.0073565706 0.2478648776 0.3215199985 0.2643557059 -0.1086558060 -0.2002670225 -0.4961091831 0.0691207638 0.9845687498 0.1607690793 -0.9935480878 0.0824644352 -0.0778576529 -0.0899139433 -0.1543502309 0.9839164035 -0.1652238111 -0.1865085682 -0.1603751322 0.0095635010 0.0123512000 0.0019586300 0.0188912638 0.0034710737 0.1788337380 0.2350562960 0.2693504095 -0.2490462512 -0.3273425400 -0.3751009405 0.0876315757 0.9696389804 0.1601185837 0.0000000000 0.0000000000 -0.1583343276
-0.6972922087 -0.0322896466 0.0164399538 0.1163527593 -0.0071236477 0.2473067292 0.3204931674 0.2618903013 -0.1136189516 -0.2087722182 -0.4910585441 0.0698490074 0.9843700454 0.1616685802 -0.9934207117 0.0833838917 -0.0785010580 -0.0907546454 -0.1551216950 0.9837178732 -0.1521557326 -0.1590039510 -0.1631727527 0.0099036675 0.0127762388 0.0019226891 0.0188999698 0.0035646956 0.1775928289 0.2334252745 0.2674814165 -0.2473181486 -0.3250711560 -0.3724981844 0.0883424252 0.9692740635 0.1609942499 0.0000000000 0.0000000000 -0.1601757128
-0.6970661879 -0.0319577008 0.0153847719 0.1164175645 -0.0068785655 0.2467236187 0.3194236703 0.2594502357 -0.1186303676 -0.2173232074 -0.4859788004 0.0706025696 0.9841900134 0.1624355094 -0.9932969969 0.0843073161 -0.0790781415 -0.0915224190 -0.1557635836 0.9835452978 -0.1394295003 -0.1319549031 -0.1659000357 0.0102471905 0.0132041983 0.0018838638 0.0189045668 0.0036583273 0.1763605326 0.2318055630 0.2656253874 -0.2456020415 -0.3228155077 -0.3699134588 0.0890760081 0.9689492341 0.1617408544 0.0000000000 0.0000000000 -0.1620077454
-0.6968451142 -0.0315727666 0.0143151041 0.1165253371 -0.0066218600 0.2461153163 0.3183112987 0.2570356623 -0.1236862231 -0.2259131070 -0.4808676620 0.0713810961 0.9840285106 0.1630724669 -0.9931769191 0.0852344472 -0.0795908056 -0.0922190135 -0.1562785314 0.9833985327 -0.1270555532 -0.1054749431 -0.1685495823 0.0105939005 0.0136348102 0.0018422164 0.0189053286 0.0037519494 0.1751367897 0.2301970869 0.2637822330 -0.2438978404 -0.3205755353 -0.3673466742 0.0898322753 0.9686642119 0.1623610967 0.0000000000 0.0000000000 -0.1638232787
-0.6966345310 -0.0311588850 0.0132390270 0.1166746244 -0.0063546635 0.2454816114 0.3171558791 0.2546467408 -0.1287826379 -0.2345349375 -0.4757243395 0.0721841237 0.9838852766 0.1635824402 -0.9930604348 0.0861650246 -0.0800409984 -0.0928462448 -0.1566695599 0.9832772874 -0.1150413780 -0.0796284421 -0.1711143250 0.0109436288 0.0140677989 0.0017978103 0.0189025309 0.0038455427 0.1739215404 0.2285997868 0.2619518936 -0.2422054559 -0.3183511198 -0.3647976816 0.0906110606 0.9684184755 0.1628580209 0.0000000000 0.0000000000 -0.1656157834
-0.6964377165 -0.0307297111 0.0121620260 0.1168643087 -0.0060779299 0.2448223129 0.3159572727 0.2522836319 -0.1339157225 -0.2431817052 -0.4705491221 0.0730111008 0.9837599659 0.1639686207 -0.9929474829 0.0870987870 -0.0804307002 -0.0934059708 -0.1569398953 0.9831811603 -0.1033919541 -0.0544492302 -0.1735877363 0.0112962034 0.0145028969 0.0017507097 0.0188964438 0.0039390903 0.1727147251 0.2270135581 0.2601342499 -0.2405248284 -0.3161421120 -0.3622663915 0.0914121044 0.9682113270 0.1632348413 0.0000000000 0.0000000000 -0.1673793832
-0.6962575316 -0.0302936919 0.0110891387 0.1170930564 -0.0057928511 0.2441372490 0.3147153758 0.2499464923 -0.1390816161 -0.2518464746 -0.4653429865 0.0738614026 0.9836521690 0.1642342949 -0.9928379875 0.0880354710 -0.0807619121 -0.0939000735 -0.1570928587 0.9831096632 -0.0921103580 -0.0299534017 -0.1759638336 0.0116514564 0.0149398316 0.0017009812 0.0188873522 0.0040325769 0.1715162694 0.2254383415 0.2583291829 -0.2388558537 -0.3139484227 -0.3597526848 0.0922350712 0.9680419349 0.1634948378 0.0000000000 0.0000000000 -0.1691088202
-0.6960958838 -0.0298566427 0.0100239133 0.1173593402 -0.0055003804 0.2434262671 0.3134301188 0.2476354721 -0.1442765008 -0.2605223956 -0.4601074611 0.0747343420 0.9835614264 0.1643827809 -0.9927318595 0.0889748107 -0.0810366471 -0.0943304470 -0.1571318033 0.9830622377 -0.0811979463 -0.0061462716 -0.1782372428 0.0120092137 0.0153783299 0.0016486913 0.0188755300 0.0041259876 0.1703261435 0.2238740474 0.2565366924 -0.2371984571 -0.3117699921 -0.3572564125 0.0930795616 0.9679093619 0.1636412975 0.0000000000 0.0000000000 -0.1707994540
-0.6959536076 -0.0294203106 0.0089698117 0.1176616922 -0.0052018291 0.2426892337 0.3121014663 0.2453507128 -0.1494966166 -0.2692027312 -0.4548444786 0.0756291787 0.9834872392 0.1644173885 -0.9926289987 0.0899165371 -0.0812569217 -0.0946989878 -0.1570600734 0.9830382673 -0.0706547835 0.0169740599 -0.1804031424 0.0123693049 0.0158181190 0.0015939081 0.0188612621 0.0042193094 0.1691442728 0.2223206162 0.2547565997 -0.2355525643 -0.3096066415 -0.3547774553 0.0939451226 0.9678125868 0.1636774776 0.0000000000 0.0000000000 -0.1724472009
-0.6958322525 -0.0289870333 0.0079294574 0.1179988757 -0.0048982110 0.2419260335 0.3107294161 0.2430923452 -0.1547382806 -0.2778808881 -0.4495561916 0.0765451268 0.9834290767 0.1643413966 -0.9925292952 0.0908603781 -0.0814247495 -0.0950075876 -0.1568809828 0.9830370876 -0.0604796856 0.0394125206 -0.1824573523 0.0127315577 0.0162589308 0.0015367015 0.0188448355 0.0043125320 0.1679705977 0.2207779586 0.2529888749 -0.2339181006 -0.3074583113 -0.3523156941 0.0948312548 0.9677505191 0.1636065854 0.0000000000 0.0000000000 -0.1740485309
-0.6957321167 -0.0285574310 0.0069051478 0.1183695197 -0.0045906580 0.2411365698 0.3093139984 0.2408604886 -0.1599978816 -0.2865504081 -0.4442450400 0.0774813605 0.9833863817 0.1641580430 -0.9924326314 0.0918060585 -0.0815421350 -0.0952581280 -0.1565978030 0.9830579928 -0.0506704713 0.0611766257 -0.1843962632 0.0130957989 0.0167004913 0.0014771416 0.0188265368 0.0044056438 0.1668050736 0.2192460001 0.2512334287 -0.2322949618 -0.3053249121 -0.3498710096 0.0957374192 0.9677220101 0.1634317702 0.0000000000 0.0000000000 -0.1756004161
-0.6956536770 -0.0281318389 0.0058990330 0.1187721342 -0.0042803623 0.2403207635 0.3078552755 0.2386552496 -0.1652718952 -0.2952049925 -0.4389136000 0.0784370205 0.9833585754 0.1638705159 -0.9923388830 0.0927533003 -0.0816110687 -0.0954524754 -0.1562137556 0.9831002429 -0.0412241013 0.0822750757 -0.1862168441 0.0134618580 0.0171425305 0.0014153000 0.0188066512 0.0044986368 0.1656476259 0.2177246809 0.2494901419 -0.2306831032 -0.3032062948 -0.3474432826 0.0966630425 0.9677258630 0.1631561169 0.0000000000 0.0000000000 -0.1771002971
-0.6955971718 -0.0277105607 0.0049129329 0.1192054525 -0.0039681583 0.2394785528 0.3063533405 0.2364767218 -0.1705568865 -0.3038385048 -0.4335645673 0.0794112191 0.9833450613 0.1634819519 -0.9922479208 0.0937018228 -0.0816335225 -0.0955924781 -0.1557320094 0.9831630686 -0.0321367465 0.1027171404 -0.1879166632 0.0138295610 0.0175847784 0.0013512486 0.0187854785 0.0045915041 0.1644982249 0.2162139118 0.2477589548 -0.2290824205 -0.3011023700 -0.3450324237 0.0976075224 0.9677608402 0.1627826454 0.0000000000 0.0000000000 -0.1785460582
-0.6955627203 -0.0272934809 0.0039479379 0.1196682602 -0.0036552385 0.2386098929 0.3048083166 0.2343249846 -0.1758495127 -0.3124449755 -0.4282007317 0.0804030450 0.9833452286 0.1629954350 -0.9921596117 0.0946513434 -0.0816114456 -0.0956799625 -0.1551556787 0.9832456764 -0.0234038941 0.1225125438 -0.1894937738 0.0141987344 0.0180269666 0.0012850609 0.0187633056 0.0046842396 0.1633567810 0.2147136331 0.2460397929 -0.2274928391 -0.2990130782 -0.3426382840 0.0985702313 0.9678256706 0.1623143114 0.0000000000 0.0000000000 -0.1799359937
-0.6955505013 -0.0268803369 0.0030062704 0.1201592907 -0.0033424373 0.2377147555 0.3032203566 0.2322001036 -0.1811465262 -0.3210186048 -0.4228249529 0.0814115673 0.9833584548 0.1624139960 -0.9920738199 0.0956015779 -0.0815467612 -0.0957167314 -0.1544878237 0.9833472528 -0.0150205842 0.1416710302 -0.1909467909 0.0145692080 0.0184688307 0.0012168109 0.0187404323 0.0047768401 0.1622232795 0.2132237554 0.2443325520 -0.2259142995 -0.2969382405 -0.3402607739 0.0995505212 0.9679190556 0.1617540075 0.0000000000 0.0000000000 -0.1812687531
-0.6955600977 -0.0264713075 0.0020884841 0.1206772178 -0.0030305889 0.2367931280 0.3015896417 0.2301021297 -0.1864447736 -0.3295537621 -0.4174401667 0.0824358407 0.9833841090 0.1617406146 -0.9919904078 0.0965522409 -0.0814413634 -0.0957045613 -0.1537314510 0.9834669684 -0.0069811196 0.1602022423 -0.1922748002 0.0149408076 0.0189100988 0.0011465731 0.0187171474 0.0048693009 0.1610976309 0.2117442340 0.2426371574 -0.2243466973 -0.2948778272 -0.3378997445 0.1005477265 0.9680396739 0.1611045667 0.0000000000 0.0000000000 -0.1825433724
-0.6955913305 -0.0260659847 0.0011956239 0.1212210059 -0.0027207665 0.2358450136 0.2999163806 0.2280310992 -0.1917412037 -0.3380449979 -0.4120493030 0.0834749083 0.9834215537 0.1609782203 -0.9919092374 0.0975030463 -0.0812971135 -0.0956452006 -0.1528895146 0.9836039812 0.0007204944 0.1781159826 -0.1934773230 0.0153133646 0.0193505101 0.0010744228 0.0186937507 0.0049616224 0.1599797904 0.2102749646 0.2409535199 -0.2227899879 -0.2928317189 -0.3355550766 0.1015611680 0.9681861876 0.1603687638 0.0000000000 0.0000000000 -0.1837591839
-0.6956442595 -0.0256641693 0.0003288686 0.1217893809 -0.0024135066 0.2348704302 0.2982008089 0.2259870336 -0.1970328661 -0.3464870412 -0.4066552993 0.0845278060 0.9834701477 0.1601296930 -0.9918301710 0.0984537080 -0.0811158392 -0.0955403684 -0.1519649169 0.9837574407 0.0080905971 0.1954217927 -0.1945543835 0.0156867020 0.0197898000 0.0010004359 0.0186705329 0.0050538047 0.1588697135 0.2088158876 0.2392815799 -0.2212440670 -0.2907997966 -0.3332267106 0.1025901557 0.9683572461 0.1595493190 0.0000000000 0.0000000000 -0.1849158090
-0.6957179308 -0.0252658967 -0.0005112588 0.1223812252 -0.0021098226 0.2338694101 0.2964431878 0.2239699396 -0.2023169060 -0.3548747916 -0.4012611445 0.0855935660 0.9835292477 0.1591978657 -0.9917530715 0.0994039405 -0.0808993311 -0.0953917535 -0.1509605100 0.9839264900 0.0151359391 0.2121290565 -0.1955063539 0.0160606522 0.0202277042 0.0009246886 0.0186477918 0.0051458483 0.1577673256 0.2073669434 0.2376212329 -0.2197088897 -0.2887819707 -0.3309144974 0.1036339920 0.9685514908 0.1586489000 0.0000000000 0.0000000000 -0.1860131522
-0.6958121061 -0.0248710550 -0.0013237289 0.1229955181 -0.0018102507 0.2328420000 0.2946438036 0.2219798093 -0.2075905771 -0.3632033395 -0.3958697432 0.0866712194 0.9835982103 0.1581855253 -0.9916778039 0.1003534594 -0.0806493419 -0.0952010130 -0.1498790975 0.9841102699 0.0218634895 0.2282472030 -0.1963340538 0.0164350457 0.0206639636 0.0008472579 0.0186258126 0.0052377572 0.1566725969 0.2059280425 0.2359724045 -0.2181843519 -0.2867781520 -0.3286183178 0.1046919738 0.9687675591 0.1576701252 0.0000000000 0.0000000000 -0.1870513534
-0.6959264874 -0.0244790874 -0.0021083027 0.1236310825 -0.0015154469 0.2317882594 0.2928029666 0.2200166203 -0.2128512342 -0.3714679544 -0.3904839814 0.0877598002 0.9836763943 0.1570954132 -0.9916042355 0.1013019820 -0.0803675838 -0.0949697717 -0.1487234340 0.9843079206 0.0282805493 0.2437856597 -0.1970386330 0.0168097094 0.0210983194 0.0007682206 0.0186048858 0.0053295363 0.1555854678 0.2044991404 0.2343350202 -0.2166703939 -0.2847882211 -0.3263380826 0.1057633956 0.9690040882 0.1566155650 0.0000000000 0.0000000000 -0.1880307907
-0.6960607767 -0.0240907613 -0.0028643231 0.1242869869 -0.0012260074 0.2307082613 0.2909210103 0.2180803356 -0.2180963304 -0.3796640811 -0.3851067447 0.0888583474 0.9837631617 0.1559302273 -0.9915322364 0.1022492279 -0.0800557275 -0.0946996210 -0.1474962273 0.9845185853 0.0343945560 0.2587533888 -0.1976215651 0.0171844736 0.0215305183 0.0006876540 0.0185853001 0.0054211905 0.1545058787 0.2030801326 0.2327089906 -0.2151669562 -0.2828121185 -0.3240736425 0.1068475518 0.9692597190 0.1554877448 0.0000000000 0.0000000000 -0.1889520357
-0.6962135434 -0.0237053540 -0.0035916711 0.1249621511 -0.0009424684 0.2296020907 0.2889982901 0.2161709041 -0.2233234164 -0.3877873382 -0.3797409151 0.0899659078 0.9838578800 0.1546926225 -0.9914616802 0.1031949194 -0.0797154014 -0.0943921185 -0.1462001389 0.9847414114 0.0402131285 0.2731599688 -0.1980846324 0.0175591726 0.0219603032 0.0006056357 0.0185673367 0.0055127284 0.1534337848 0.2016709894 0.2310942560 -0.2136739343 -0.2808496952 -0.3218249381 0.1079437384 0.9695330990 0.1542891465 0.0000000000 0.0000000000 -0.1898158433
-0.6963849068 -0.0233227406 -0.0042898091 0.1256554276 -0.0006653069 0.2284698449 0.2870351833 0.2142882605 -0.2285301546 -0.3958335411 -0.3743892098 0.0910815387 0.9839599233 0.1533852101 -0.9913924444 0.1041387822 -0.0793481900 -0.0940487879 -0.1448377832 0.9849755540 0.0457439641 0.2870145475 -0.1984298966 0.0179336332 0.0223874208 0.0005222432 0.0185512733 0.0056041582 0.1523691267 0.2002716213 0.2294907123 -0.2121912688 -0.2789009213 -0.3195918500 0.1090512553 0.9698228864 0.1530222092 0.0000000000 0.0000000000 -0.1906231244
-0.6965738535 -0.0229432322 -0.0049583805 0.1263661236 -0.0003949403 0.2273116322 0.2850320870 0.2124323258 -0.2337143002 -0.4037986726 -0.3690543611 0.0922043097 0.9840686737 0.1520105610 -0.9913244105 0.1050805456 -0.0789556339 -0.0936711187 -0.1434117300 0.9852201770 0.0509949154 0.3003260817 -0.1986596708 0.0183076933 0.0228116233 0.0004375540 0.0185373835 0.0056954902 0.1513118595 0.1988819540 0.2278983146 -0.2107189000 -0.2769656777 -0.3173742294 0.1101694081 0.9701277521 0.1516893325 0.0000000000 0.0000000000 -0.1913749448
