# Actions and States
# action[0], ..., state[0], ..., command[0], ...
-0.2736866474 0.2412694395 0.1428779364 -0.0724085197 0.1906496252 0.1661393435 -0.1271649589 0.0000000000 0.0000000000 0.0000000000 0.5370070103 0.8435777800 0.0000000000 -0.8435777800 0.5370070103 0.0000000000 0.0000000000 0.0000000000 1.0000000000 0.0000000000 0.0000000000 0.0000000000 0.0000056391 0.0000049141 -0.0000037613 0.0021035511 0.0000052589 0.1861650348 0.1622313112 -0.1241737008 -0.4431424737 -0.3861712217 0.2955798805 0.5405512584 0.8413110822 0.0000000000 0.0000000000 0.0000000000 -0.4207086000
-0.2223739475 0.2205091864 0.0964374691 -0.0676551759 0.1906496382 0.1661393501 -0.1269989449 0.0000086683 0.0000044086 0.0664055777 0.5370543503 0.8435475828 -0.0003169957 -0.8435475785 0.5370544179 0.0001872165 0.0003281700 0.0001668555 0.9999999322 0.0748908687 0.1267681022 -0.0224699649 0.0000224895 0.0000195982 -0.0000145856 0.0041508838 0.0000208943 0.1839624643 0.1603118926 -0.1227045581 -0.4378995001 -0.3816023171 0.2920827866 0.5423196908 0.8401720958 -0.0003181604 0.0000000000 0.0000000000 -0.4206849969
-0.1523957551 0.1968595982 0.0523344986 -0.0614741147 0.1906499215 0.1661394922 -0.1263992370 0.0001081673 0.0000537472 0.1568761652 0.5372160940 0.8434436077 -0.0013224761 -0.8434434703 0.5372173021 0.0008262840 0.0014073810 0.0006715407 0.9999987842 0.1620785184 0.2437094175 -0.0490223453 0.0000504190 0.0000439366 -0.0000308850 0.0060611172 0.0000464210 0.1817859411 0.1584151983 -0.1212528050 -0.4327185750 -0.3770874441 0.2886270583 0.5440840616 0.8390286053 -0.0013291771 0.0000000000 0.0000000000 -0.4204953093
-0.0742183402 0.1773296893 0.0263878889 -0.0555871017 0.1906512848 0.1661401420 -0.1253124009 0.0004178234 0.0001951995 0.2593909660 0.5374815723 0.8432709683 -0.0027628807 -0.8432699217 0.5374870467 0.0018744794 0.0030657067 0.0013223561 0.9999944264 0.2403473515 0.3109744486 -0.0731792604 0.0000892991 0.0000778164 -0.0000502695 0.0078439256 0.0000811752 0.1796351671 0.1565409303 -0.1198182255 -0.4275989532 -0.3726260066 0.2852122188 0.5458411349 0.8378794563 -0.0027813793 0.0000000000 0.0000000000 -0.4200463937
0.0136514166 0.1619612426 0.0129469624 -0.0498882085 0.1906551477 0.1661418562 -0.1236718422 0.0010610075 0.0004584205 0.3758205995 0.5378390310 0.8430358960 -0.0044333790 -0.8430317791 0.5378537001 0.0032888741 0.0051571483 0.0019685946 0.9999847641 0.3107533218 0.3453010698 -0.0949174891 0.0001390090 0.0001211280 -0.0000700505 0.0095103057 0.0001245449 0.1775098592 0.1546888500 -0.1184006110 -0.4225398898 -0.3682173491 0.2818377614 0.5475879169 0.8367242609 -0.0044712310 0.0000000000 0.0000000000 -0.4193307572
0.1119605824 0.1504848003 0.0065309149 -0.0442699119 0.1906635693 0.1661452922 -0.1214029751 0.0021698832 0.0008579972 0.5078717142 0.5382775877 0.8427446694 -0.0062177844 -0.8427334285 0.5383075530 0.0050345733 0.0075899401 0.0025299368 0.9999679956 0.3749040340 0.3618810784 -0.1143302406 0.0001994375 0.0001737665 -0.0000871875 0.0110707916 0.0001759719 0.1754096746 0.1528586745 -0.1169997752 -0.4175406694 -0.3638608456 0.2785032690 0.5493221747 0.8355633923 -0.0062834461 0.0000000000 0.0000000000 -0.4183695778
0.2201909274 0.1426801682 0.0038497332 -0.0386537537 0.1906793158 0.1661511480 -0.1184221395 0.0038929174 0.0013981905 0.6574132193 0.5387869230 0.8424035436 -0.0080573723 -0.8423789894 0.5388389807 0.0070845754 0.0103096977 0.0029702846 0.9999424421 0.4343258021 0.3697575921 -0.1314702485 0.0002704874 0.0002356314 -0.0000982454 0.0125356857 0.0002349505 0.1733343452 0.1510501504 -0.1156155169 -0.4126006067 -0.3595559001 0.2752082050 0.5510421960 0.8343975798 -0.0081599464 0.0000000000 0.0000000000 -0.4171847724
0.3360283375 0.1383593231 0.0031305524 -0.0329809710 0.1907059565 0.1661601178 -0.1146363861 0.0063993151 0.0020750654 0.8262649253 0.5393569551 0.8420187441 -0.0099251995 -0.8419724324 0.5394383190 0.0094192937 0.0132852548 0.0032763828 0.9999063793 0.4904561792 0.3738201833 -0.1463541461 0.0003520788 0.0003066272 -0.0000993488 0.0139152249 0.0003010264 0.1712835729 0.1492630243 -0.1142476350 -0.4077190161 -0.3553018868 0.2719521224 0.5527464968 0.8332276450 -0.0100742940 0.0000000000 0.0000000000 -0.4157889617
0.4550451934 0.1373138428 0.0034444269 -0.0272087120 0.1907479682 0.1661728513 -0.1099446051 0.0098783801 0.0028762255 1.0158901035 0.5399776075 0.8415965069 -0.0118111360 -0.8415176308 0.5400957772 0.0120261553 0.0165003150 0.0034454247 0.9998579242 0.5446580022 0.3766456252 -0.1589700955 0.0004441533 0.0003866632 -0.0000861385 0.0152196819 0.0003737967 0.1692570597 0.1474970430 -0.1128959283 -0.4028951526 -0.3510981798 0.2687345743 0.5544336146 0.8320543962 -0.0120168173 0.0000000000 0.0000000000 -0.4141827045
0.5709901452 0.1392678469 0.0042993831 -0.0213125627 0.1908108162 0.1661899065 -0.1042404052 0.0145321870 0.0037791661 1.2270225854 0.5406386513 0.8411431383 -0.0137138505 -0.8410183662 0.5408013692 0.0148992188 0.0199488448 0.0034785066 0.9997949508 0.5982154365 0.3795879581 -0.1692845926 0.0005466787 0.0004756526 -0.0000537375 0.0164594315 0.0004529101 0.1672545224 0.1457519680 -0.1115602255 -0.3981283605 -0.3469442129 0.2655550838 0.5561019697 0.8308786101 -0.0139866765 0.0000000000 0.0000000000 -0.4123543917
0.6769835949 0.1438375115 0.0054202816 -0.0152889574 0.1909009790 0.1662116942 -0.0974168080 0.0205615760 0.0047495699 1.4593245578 0.5413296007 0.8406650703 -0.0156365908 -0.8404782992 0.5415448580 0.0180387159 0.0236324337 0.0033773244 0.9997150103 0.6523112603 0.3833558983 -0.1772499378 0.0006596545 0.0005735125 0.0000032634 0.0176449642 0.0005380678 0.1652756780 0.1440275311 -0.1102403179 -0.3934179842 -0.3428394198 0.2624132037 0.5577497678 0.8297010528 -0.0159877104 0.0000000000 0.0000000000 -0.4102811828
0.7673580647 0.1505199820 0.0066361721 -0.0091570811 0.1910258910 0.1662384172 -0.0893721667 0.0281489320 0.0057409504 1.7112289175 0.5420396551 0.8401689016 -0.0175849089 -0.8399009098 0.5423157206 0.0214504288 0.0275585557 0.0031425980 0.9996152510 0.7079879385 0.3883034800 -0.1828126081 0.0007831160 0.0006801628 0.0000907936 0.0187868960 0.0006290235 0.1633202583 0.1423234940 -0.1089360267 -0.3887633383 -0.3387831748 0.2593085170 0.5593749257 0.8285225124 -0.0180262138 0.0000000000 0.0000000000 -0.4079305866
0.8392093182 0.1587276757 0.0078323744 -0.0029560614 0.1911938074 0.1662700136 -0.0800159849 0.0374445647 0.0066964916 1.9800928780 0.5427576857 0.8396614151 -0.0195653415 -0.8392894140 0.5431031358 0.0251448490 0.0317391578 0.0027734239 0.9994923381 0.7661021344 0.3945713292 -0.1859223633 0.0009171393 0.0007955249 0.0002152617 0.0198959205 0.0007255847 0.1613879502 0.1406396180 -0.1076471731 -0.3841637373 -0.3347749114 0.2562405467 0.5609750175 0.8273438355 -0.0201096587 0.0000000000 0.0000000000 -0.4052625904
0.8771593571 0.1655755937 0.0070093987 -0.0195924677 0.1914136283 0.1663061160 -0.0692730701 0.0485630460 0.0075526880 2.2626440864 0.5434722671 0.8391495704 -0.0215845655 -0.8386466642 0.5438959998 0.0291361300 0.0361893299 0.0022671452 0.9993423800 0.8272890317 0.4021601482 -0.1865406294 0.0010618449 0.0009195206 0.0003834894 0.0209827349 0.0008276120 0.1594785303 0.1389756650 -0.1063735634 -0.3796185851 -0.3308140934 0.2532088757 0.5625472391 0.8261659605 -0.0222458751 0.0000000000 0.0000000000 -0.4022321263
0.9024949074 0.1730251759 0.0068924604 -0.0451523326 0.1916945209 0.1663460179 -0.0570907106 0.0615028682 0.0082386867 2.5532684079 0.5441867800 0.8386308224 -0.0236451312 -0.8379654648 0.5446978332 0.0334387545 0.0409222219 0.0016168752 0.9991610268 0.8912450034 0.4092711999 -0.1917421943 0.0012173996 0.0010520698 0.0006026168 0.0220402610 0.0009349753 0.1575916857 0.1373313963 -0.1051150188 -0.3751271963 -0.3269001245 0.2502130866 0.5640886623 0.8249900177 -0.0244381703 0.0000000000 0.0000000000 -0.3988114076
0.9233853817 0.1805678010 0.0074267290 -0.0695677996 0.1920456826 0.1663886701 -0.0434393248 0.0763074969 0.0086895359 2.8488868260 0.5449327558 0.8380843933 -0.0257457064 -0.8372198931 0.5455399991 0.0380652057 0.0459471675 0.0008118401 0.9989435413 0.9580599991 0.4160846494 -0.2060644646 0.0013840175 0.0011930896 0.0008799885 0.0230278037 0.0010474252 0.1557271630 0.1357065886 -0.1038713753 -0.3706889451 -0.3230324686 0.2472527474 0.5655964237 0.8238173632 -0.0266845527 0.0000000000 0.0000000000 -0.3949681017
0.9402263761 0.1930293292 -0.0068017314 -0.0934781581 0.1924764890 0.1664327151 -0.0283026964 0.0929848165 0.0088480970 3.1464587948 0.5457380521 0.8374886569 -0.0279772768 -0.8363846862 0.5464547062 0.0429873330 0.0512897184 -0.0000600575 0.9986838144 1.0113676939 0.4585443589 -0.2265269221 0.0015619609 0.0013424921 0.0012230624 0.0239043664 0.0011645078 0.1538847089 0.1341009885 -0.1026424393 -0.3663032055 -0.3192105591 0.2443274111 0.5670623973 0.8226466380 -0.0290733305 0.0000000000 0.0000000000 -0.3910817007
0.9536389709 0.2109642476 -0.0334002599 -0.1170561165 0.1929964387 0.1664766715 -0.0116765448 0.1115907223 0.0087179463 3.4444342335 0.5466107288 0.8368303513 -0.0305233419 -0.8354458915 0.5474617034 0.0481232353 0.0569813446 -0.0008040762 0.9983749195 1.0501791864 0.5290864467 -0.2514336998 0.0017515398 0.0015001833 0.0016393462 0.0246457141 0.0012856065 0.1520640403 0.1325144023 -0.1014280394 -0.3619693518 -0.3154338598 0.2414366901 0.5684707292 0.8214726873 -0.0317833504 0.0000000000 0.0000000000 -0.3870715172
0.9642207623 0.2316550463 -0.0604574308 -0.1401416063 0.1936152907 0.1665192617 0.0064365096 0.1321559646 0.0083589523 3.7411844499 0.5475570422 0.8360997981 -0.0334426836 -0.8343923811 0.5485757109 0.0534232523 0.0630130144 -0.0013479576 0.9980117950 1.0835996339 0.5984414192 -0.2789345065 0.0019531144 0.0016660634 0.0021363508 0.0252333004 0.0014099977 0.1502649337 0.1309465766 -0.1002280116 -0.3576867580 -0.3117018640 0.2385801822 0.5698098408 0.8202927501 -0.0348690427 0.0000000000 0.0000000000 -0.3826211630
0.9721108675 0.2566623092 -0.0870550573 -0.1618518680 0.1943430182 0.1665595489 0.0260281489 0.1547477157 0.0078391434 4.0361833626 0.5485833372 0.8352899538 -0.0367017065 -0.8332146264 0.5498070149 0.0588696244 0.0693520615 -0.0017144963 0.9975907738 1.1140493122 0.6610541953 -0.3089103259 0.0021670952 0.0018400289 0.0027215583 0.0256530680 0.0015368768 0.1484870911 0.1293973029 -0.0990421847 -0.3534548581 -0.3080140352 0.2357574552 0.5710734629 0.8191064018 -0.0382930236 0.0000000000 0.0000000000 -0.3776833100
