# Actions and States
# action[0], ..., state[0], ..., command[0], ...
-0.7134252787 0.1323829591 0.1745072305 -0.0691011399 -0.0628105185 0.1774474555 -0.3330422863 0.0000000000 0.0000000000 0.0000000000 -0.6383035392 0.7697847699 0.0000000000 -0.7697847699 -0.6383035392 0.0000000000 0.0000000000 0.0000000000 1.0000000000 0.0000000000 0.0000000000 0.0000000000 -0.0001570263 0.0004436186 -0.0008326057 0.1005384832 0.0002513462 0.0000000000 0.0000000000 0.0000000000 0.0000000000 0.0000000000 0.0000000000 -0.5578175953 0.8299635717 0.0000000000 0.0000000000 0.0000000000 0.0000000000
-0.7017909288 0.1234286651 0.1609704345 -0.0664338395 -0.0628105185 0.1774474545 -0.3329682784 0.0000000349 -0.0000008060 0.0296031510 -0.6382845412 0.7698005161 -0.0000991524 -0.7698005225 -0.6382845368 0.0000752168 -0.0000053855 0.0001243373 0.9999999923 0.0300874217 0.0396604417 -0.0098715914 -0.0004710749 0.0013308448 -0.0024976113 0.1005138009 0.0007539455 0.0000000000 0.0000000000 0.0000000000 0.0000000000 0.0000000000 0.0000000000 -0.5578175947 0.8299635585 -0.0001061996 0.0000000000 0.0000000000 0.0000027565
-0.6898638010 0.1146345884 0.1479775757 -0.0638364032 -0.0628105178 0.1774474391 -0.3327477564 0.0000002800 -0.0000065609 0.0586056282 -0.6382282754 0.7698470739 -0.0003889247 -0.7698471719 -0.6382282072 0.0002957711 -0.0000205242 0.0004881821 0.9999998806 0.0581419793 0.0762426607 -0.0193621399 -0.0007851118 0.0022180378 -0.0041618180 0.1004406667 0.0012562060 0.0000000000 0.0000000000 0.0000000000 0.0000000000 0.0000000000 0.0000000000 -0.5578175867 0.8299633683 -0.0004166221 0.0000000000 0.0000000000 0.0000209161
-0.6776566505 0.1060198769 0.1355355829 -0.0613046922 -0.0628105150 0.1774473719 -0.3323837616 0.0000009295 -0.0000223296 0.0869923201 -0.6381361749 0.7699230433 -0.0008542616 -0.7699235160 -0.6381358437 0.0006515544 -0.0000434882 0.0010734965 0.9999994229 0.0842019474 0.1098688391 -0.0284816261 -0.0010991330 0.0031051859 -0.0058244802 0.1003208478 0.0017578585 0.0000000000 0.0000000000 0.0000000000 0.0000000000 0.0000000000 0.0000000000 -0.5578175555 0.8299625892 -0.0009152210 0.0000000000 0.0000000000 0.0000666052
-0.6651839018 0.0976032987 0.1236469373 -0.0588358231 -0.0628105076 0.1774471900 -0.3318794088 0.0000021556 -0.0000532453 0.1147487806 -0.6380096293 0.7700269607 -0.0014807392 -0.7700283810 -0.6380086281 0.0011326381 -0.0000725625 0.0018628452 0.9999982623 0.1083096022 0.1406629834 -0.0372394393 -0.0014131385 0.0039922893 -0.0074848887 0.1001560296 0.0022586741 0.0000000000 0.0000000000 0.0000000000 0.0000000000 0.0000000000 0.0000000000 -0.5578174801 0.8299606162 -0.0015865675 0.0000000000 0.0000000000 0.0001486648
-0.6524608731 0.0893991515 0.1123107895 -0.0564268380 -0.0628104922 0.1774468045 -0.3312378836 0.0000041098 -0.0001044961 0.1418613181 -0.6378499888 0.7701573273 -0.0022545682 -0.7701606200 -0.6378476534 0.0017292981 -0.0001062395 0.0028394124 0.9999959632 0.1305111709 0.1687498934 -0.0456445568 -0.0017271282 0.0048793470 -0.0091423495 0.0999477803 0.0027584314 0.0000000000 0.0000000000 0.0000000000 0.0000000000 0.0000000000 0.0000000000 -0.5578173386 0.8299567121 -0.0024158614 0.0000000000 0.0000000000 0.0002730451
-0.6395044327 0.0814215690 0.1015223339 -0.0540754423 -0.0628104650 0.1774461008 -0.3304624377 0.0000069228 -0.0001813085 0.1683170443 -0.6376585669 0.7703126314 -0.0031625933 -0.7703191102 -0.6376539451 0.0024320350 -0.0001432128 0.0039870140 0.9999920416 0.1508558491 0.1942543848 -0.0537055337 -0.0020411019 0.0057663573 -0.0107961847 0.0996976447 0.0032569180 0.0000000000 0.0000000000 0.0000000000 0.0000000000 0.0000000000 0.0000000000 -0.5578171099 0.8299500599 -0.0033889360 0.0000000000 0.0000000000 0.0004431793
-0.6263331175 0.0736814439 0.0912753642 -0.0517799854 -0.0628104213 0.1774449379 -0.3295563853 0.0000107066 -0.0002889302 0.1941039558 -0.6374366438 0.7704913691 -0.0041922873 -0.7705027527 -0.6374284783 0.0032315927 -0.0001823690 0.0052901046 0.9999859907 0.1693957952 0.2173003720 -0.0614305969 -0.0023550601 0.0066533186 -0.0124457330 0.0994070624 0.0037539279 0.0000000000 0.0000000000 0.0000000000 0.0000000000 0.0000000000 0.0000000000 -0.5578167760 0.8299398069 -0.0044922598 0.0000000000 0.0000000000 0.0006603373
-0.6129662395 0.0661883503 0.0815595910 -0.0495396443 -0.0628103560 0.1774431484 -0.3285230979 0.0000155552 -0.0004326104 0.2192110228 -0.6371854681 0.7706920602 -0.0053317442 -0.7707104706 -0.6371721937 0.0041189745 -0.0002227782 0.0067337817 0.9999773030 0.1861854228 0.2380105307 -0.0688277377 -0.0026690022 0.0075402288 -0.0140903508 0.0990774845 0.0042492627 0.0000000000 0.0000000000 0.0000000000 0.0000000000 0.0000000000 0.0000000000 -0.5578163225 0.8299251012 -0.0057129335 0.0000000000 0.0000000000 0.0009239553
-0.5994231105 0.0589502826 0.0723644271 -0.0473530553 -0.0628102637 0.1774405390 -0.3273659999 0.0000215466 -0.0006175793 0.2436282297 -0.6369062581 0.7709132622 -0.0065696676 -0.7709412097 -0.6368860097 0.0050854555 -0.0002636843 0.0083037860 0.9999654882 0.2012811282 0.2565053533 -0.0759048297 -0.0029829280 0.0084270835 -0.0157294087 0.0987102804 0.0047427316 0.0000000000 0.0000000000 0.0000000000 0.0000000000 0.0000000000 0.0000000000 -0.5578157392 0.8299051220 -0.0070386847 0.0000000000 0.0000000000 0.0012319415
-0.5857257247 0.0519735217 0.0636764839 -0.0452195406 -0.0628101384 0.1774368903 -0.3260885631 0.0000287440 -0.0008490267 0.2673465763 -0.6366002029 0.7711535807 -0.0078953585 -0.7711939373 -0.6365708326 0.0061225950 -0.0003044939 0.0099864979 0.9999500873 0.2147409561 0.2729030636 -0.0826695519 -0.0032968379 0.0093138777 -0.0173623003 0.0983068310 0.0052341507 0.0000000000 0.0000000000 0.0000000000 0.0000000000 0.0000000000 0.0000000000 -0.5578150198 0.8298791031 -0.0084578593 0.0000000000 0.0000000000 0.0015809578
-0.5718951821 0.0452615954 0.0554813258 -0.0431389026 -0.0628099740 0.1774319569 -0.3246943013 0.0000371989 -0.0011320787 0.2903582168 -0.6362684632 0.7714116780 -0.0092987001 -0.7714676428 -0.6362275656 0.0072222452 -0.0003447651 0.0117689331 0.9999306843 0.2266242337 0.2873189651 -0.0891294863 -0.0036107311 0.0102006057 -0.0189884305 0.0978684822 0.0057233416 0.0000000000 0.0000000000 0.0000000000 0.0000000000 0.0000000000 0.0000000000 -0.5578141614 0.8298463520 -0.0099594114 0.0000000000 0.0000000000 0.0019666756
-0.5579541922 0.0388186313 0.0477639772 -0.0411109142 -0.0628097640 0.1774254681 -0.3231867650 0.0000469524 -0.0014717752 0.3126564135 -0.6359121717 0.7716862795 -0.0107701416 -0.7717613376 -0.6358571153 0.0083765580 -0.0003841963 0.0136387341 0.9999069143 0.2369909657 0.2998651879 -0.0952921866 -0.0039246073 0.0110872611 -0.0206072256 0.0973965682 0.0062101346 0.0000000000 0.0000000000 0.0000000000 0.0000000000 0.0000000000 0.0000000000 -0.5578131640 0.8298062631 -0.0115328903 0.0000000000 0.0000000000 0.0023840053
-0.5439251661 0.0326460600 0.0405074321 -0.0391356498 -0.0628095020 0.1774171283 -0.3215695352 0.0000580379 -0.0018730461 0.3342356198 -0.6355324334 0.7719761780 -0.0123006808 -0.7720740557 -0.6354603958 0.0095779907 -0.0004226149 0.0155841602 0.9998784703 0.2459019899 0.3106505517 -0.1011651744 -0.0042384677 0.0119738365 -0.0222181268 0.0968924115 0.0066943655 0.0000000000 0.0000000000 0.0000000000 0.0000000000 0.0000000000 0.0000000000 -0.5578120294 0.8297583279 -0.0131684268 0.0000000000 0.0000000000 0.0028273070
-0.5298308730 0.0267447717 0.0336949676 -0.0372132324 -0.0628091811 0.1774066176 -0.3198462179 0.0000704839 -0.0023406880 0.3550914640 -0.6351303253 0.7722802369 -0.0138818454 -0.7724048539 -0.6350383329 0.0108193096 -0.0004599650 0.0175940764 0.9998451065 0.2534183821 0.3197800914 -0.1067559815 -0.0045523103 0.0128603186 -0.0238205940 0.0963573229 0.0071758765 0.0000000000 0.0000000000 0.0000000000 0.0000000000 0.0000000000 0.0000000000 -0.5578107606 0.8297021410 -0.0148567175 0.0000000000 0.0000000000 0.0032905726
-0.5156939030 0.0211137272 0.0273099933 -0.0353436284 -0.0628087946 0.1773935924 -0.3180204378 0.0000843165 -0.0028793410 0.3752207668 -0.6347068965 0.7725973916 -0.0155056737 -0.7727528125 -0.6345918656 0.0120935926 -0.0004962963 0.0196579396 0.9998066409 0.2596013487 0.3273551091 -0.1120721575 -0.0048661353 0.0137466984 -0.0254141092 0.0957926190 0.0076545181 0.0000000000 0.0000000000 0.0000000000 0.0000000000 0.0000000000 0.0000000000 -0.5578093606 0.8296374029 -0.0165890083 0.0000000000 0.0000000000 0.0037675888
-0.5015370846 0.0157523360 0.0213342533 -0.0335270725 -0.0628083353 0.1773776864 -0.3160958326 0.0000995621 -0.0034934671 0.3946215307 -0.6342631682 0.7729266503 -0.0171646956 -0.7731170356 -0.6341219472 0.0133942293 -0.0005317534 0.0217657849 0.9997629558 0.2645118029 0.3334731924 -0.1171212473 -0.0051799426 0.0146329617 -0.0269981697 0.0951995871 0.0081301443 0.0000000000 0.0000000000 0.0000000000 0.0000000000 0.0000000000 0.0000000000 -0.5578078315 0.8295639208 -0.0183570775 0.0000000000 0.0000000000 0.0042520748
-0.4873828590 0.0106582409 0.0157504324 -0.0317638591 -0.0628077962 0.1773585115 -0.3140760470 0.0001162505 -0.0041873278 0.4132929508 -0.6338001330 0.7732670928 -0.0188519123 -0.7734966519 -0.6336295453 0.0147149210 -0.0005665644 0.0239082099 0.9997139974 0.2682104790 0.3382278259 -0.1219108291 -0.0054937322 0.0155190919 -0.0285722911 0.0945795322 0.0086026189 0.0000000000 0.0000000000 0.0000000000 0.0000000000 0.0000000000 0.0000000000 -0.5578061739 0.8294816065 -0.0201532173 0.0000000000 0.0000000000 0.0047378092
-0.4732529819 0.0058279526 0.0105410786 -0.0300540831 -0.0628071700 0.1773356589 -0.3119647268 0.0001344171 -0.0049649643 0.4312353928 -0.6333187553 0.7736178699 -0.0205607764 -0.7738908146 -0.6331156410 0.0160496793 -0.0006010304 0.0260763589 0.9996597733 0.2707575430 0.3417085948 -0.1264485233 -0.0058075027 0.0164050739 -0.0301360004 0.0939337358 0.0090718106 0.0000000000 0.0000000000 0.0000000000 0.0000000000 0.0000000000 0.0000000000 -0.5578043860 0.8293904735 -0.0219702159 0.0000000000 0.0000000000 0.0052187296
-0.4591694772 0.0012584565 0.0056888424 -0.0283977762 -0.0628064492 0.1773087001 -0.3097655133 0.0001541065 -0.0058301789 0.4484503554 -0.6328199709 0.7739782009 -0.0222851724 -0.7742987024 -0.6325812273 0.0173928234 -0.0006355156 0.0282619061 0.9996003505 0.2722123447 0.3440011450 -0.1307419637 -0.0061212536 0.0172908865 -0.0316888615 0.0932634794 0.0095375944 0.0000000000 0.0000000000 0.0000000000 0.0000000000 0.0000000000 0.0000000000 -0.5578024631 0.8292906316 -0.0238013383 0.0000000000 0.0000000000 0.0056890161
-0.4451523721 -0.0030549229 0.0011762832 -0.0267953295 -0.0628056259 0.1772771881 -0.3074820370 0.0001753748 -0.0067865165 0.4649404822 -0.6323046866 0.7743473716 -0.0240193966 -0.7747195195 -0.6320273071 0.0187389762 -0.0006704376 0.0304570378 0.9995358520 0.2726335349 0.3451871984 -0.1347987889 -0.0064349864 0.0181765091 -0.0332304314 0.0925700328 0.0099998522 0.0000000000 0.0000000000 0.0000000000 0.0000000000 0.0000000000 0.0000000000 -0.5578003971 0.8291822813 -0.0256403073 0.0000000000 0.0000000000 0.0061431674
-0.4312217236 -0.0071172328 -0.0030130958 -0.0252465159 -0.0628046923 0.1772406592 -0.3051179132 0.0001982920 -0.0078372511 0.4807094561 -0.6317737803 0.7747247310 -0.0257581376 -0.7751524958 -0.6314548907 0.0200830606 -0.0007062582 0.0326544358 0.9994664522 0.2720786957 0.3453445250 -0.1386266931 -0.0067486977 0.0190619174 -0.0347603075 0.0918546483 0.0104584715 0.0000000000 0.0000000000 0.0000000000 0.0000000000 0.0000000000 0.0000000000 -0.5577981760 0.8290657068 -0.0274812850 0.0000000000 0.0000000000 0.0065760518
-0.4173973799 -0.0109325070 -0.0068956190 -0.0237512812 -0.0628036397 0.1771986337 -0.3026767356 0.0002229450 -0.0089853711 0.4957619982 -0.6312281009 0.7751096886 -0.0274964577 -0.7755968875 -0.6308649928 0.0214202939 -0.0007434752 0.0348472585 0.9993923733 0.2706042625 0.3445471505 -0.1422333382 -0.0070623890 0.0199470837 -0.0362780988 0.0911185723 0.0109133476 0.0000000000 0.0000000000 0.0000000000 0.0000000000 0.0000000000 0.0000000000 -0.5577957842 0.8289412689 -0.0293188529 0.0000000000 0.0000000000 0.0069829500
-0.4036968052 -0.0145077519 -0.0104872920 -0.0223095156 -0.0628024593 0.1771506179 -0.3001620721 0.0002494396 -0.0102335665 0.5101038548 -0.6306684684 0.7755017107 -0.0292297736 -0.7760519767 -0.6302586300 0.0227461826 -0.0007826136 0.0370291237 0.9993138804 0.2682657607 0.3428653899 -0.1456263784 -0.0073760590 0.0208319835 -0.0377834179 0.0903630278 0.0113643799 0.0000000000 0.0000000000 0.0000000000 0.0000000000 0.0000000000 0.0000000000 -0.5577932017 0.8288093969 -0.0311479935 0.0000000000 0.0000000000 0.0073595972
-0.3901374936 -0.0178477820 -0.0138038276 -0.0209210068 -0.0628011415 0.1770961054 -0.2975774595 0.0002779029 -0.0115842221 0.5237416715 -0.6300956738 0.7759003169 -0.0309538390 -0.7765170716 -0.6296368172 0.0240565160 -0.0008242183 0.0391940911 0.9992312765 0.2651171342 0.3403659147 -0.1488134520 -0.0076897070 0.0217165798 -0.0392759144 0.0895892319 0.0118114762 0.0000000000 0.0000000000 0.0000000000 0.0000000000 0.0000000000 0.0000000000 -0.5577904048 0.8286705810 -0.0329640716 0.0000000000 0.0000000000 0.0077021878
-0.3767354488 -0.0209591202 -0.0168597624 -0.0195854586 -0.0627996763 0.1770345786 -0.2949263991 0.0003084850 -0.0130394078 0.5366829921 -0.6295104794 0.7763050766 -0.0326647265 -0.7769915067 -0.6290005643 0.0253473595 -0.0008688476 0.0413366435 0.9991448979 0.2612112488 0.3371118152 -0.1518021673 -0.0080033327 0.0226008426 -0.0407552496 0.0887983667 0.0122545478 0.0000000000 0.0000000000 0.0000000000 0.0000000000 0.0000000000 0.0000000000 -0.5577873658 0.8285253638 -0.0347628155 0.0000000000 0.0000000000 0.0080074049
-0.3635056019 -0.0238480847 -0.0196697637 -0.0183023494 -0.0627980524 0.1769655104 -0.2922123526 0.0003413606 -0.0146008745 0.5489361799 -0.6289136187 0.7767156058 -0.0343588105 -0.7774746421 -0.6283508734 0.0266150480 -0.0009170654 0.0434516701 0.9990551093 0.2565995061 0.3331628634 -0.1546000899 -0.0083169341 0.0234847348 -0.0422210917 0.0879916025 0.0126935150 0.0000000000 0.0000000000 0.0000000000 0.0000000000 0.0000000000 0.0000000000 -0.5577840537 0.8283743330 -0.0365402993 0.0000000000 0.0000000000 0.0082724149
-0.3504619002 -0.0265213177 -0.0222475063 -0.0170710795 -0.0627962580 0.1768883656 -0.2894387377 0.0003767309 -0.0162700505 0.5605103590 -0.6283057972 0.7771315629 -0.0360327512 -0.7779658639 -0.6276887349 0.0278561784 -0.0009694365 0.0455344488 0.9989622987 0.2513318939 0.3285754803 -0.1572147113 -0.0086305123 0.0243682191 -0.0436731465 0.0871700745 0.0131282997 0.0000000000 0.0000000000 0.0000000000 0.0000000000 0.0000000000 0.0000000000 -0.5577804341 0.8282181133 -0.0382929246 0.0000000000 0.0000000000 0.0084948690
-0.3376169503 -0.0289852470 -0.0246063899 -0.0158911925 -0.0627942800 0.1768026029 -0.2866089249 0.0004148243 -0.0180480401 0.5714153622 -0.6276876923 0.7775526454 -0.0376834782 -0.7784645831 -0.6270151253 0.0290676017 -0.0010265202 0.0475806290 0.9988668730 0.2454569144 0.3234029588 -0.1596534369 -0.0089440644 0.0252512489 -0.0451111197 0.0863349121 0.0135588348 0.0000000000 0.0000000000 0.0000000000 0.0000000000 0.0000000000 0.0000000000 -0.5577764700 0.8280573585 -0.0400174036 0.0000000000 0.0000000000 0.0086728937
-0.3249828815 -0.0312465765 -0.0267594792 -0.0147618223 -0.0627921042 0.1767076763 -0.2837262339 0.0004558973 -0.0199356249 0.5816616591 -0.6270599538 0.7779785869 -0.0393081759 -0.7789702361 -0.6263310033 0.0302464154 -0.0010888657 0.0495862149 0.9987692535 0.2390216341 0.3176955236 -0.1619236073 -0.0092575913 0.0261337850 -0.0465347357 0.0854871862 0.0139850546 0.0000000000 0.0000000000 0.0000000000 0.0000000000 0.0000000000 0.0000000000 -0.5577721219 0.8278927453 -0.0417107419 0.0000000000 0.0000000000 0.0088050814
-0.3125698864 -0.0333122984 -0.0287181381 -0.0136822080 -0.0627897150 0.1766030363 -0.2807939306 0.0005002355 -0.0219332645 0.5912603295 -0.6264232046 0.7784091530 -0.0409042682 -0.7794822833 -0.6256373076 0.0313899558 -0.0011570073 0.0515475491 0.9986698711 0.2320716233 0.3115004055 -0.1640324390 -0.0095710913 0.0270157754 -0.0479437485 0.0846279676 0.0144068990 0.0000000000 0.0000000000 0.0000000000 0.0000000000 0.0000000000 0.0000000000 -0.5577673488 0.8277249654 -0.0433702222 0.0000000000 0.0000000000 0.0088904720
-0.3003876209 -0.0351889059 -0.0304946210 -0.0126514006 -0.0627870953 0.1764881324 -0.2778152240 0.0005481534 -0.0240411025 0.6002229624 -0.6257780409 0.7788441392 -0.0424694050 -0.7800002096 -0.6249349540 0.0324957897 -0.0012314603 0.0534612965 0.9985691630 0.2246508904 0.3048622268 -0.1659870402 -0.0098845623 0.0278971754 -0.0493379086 0.0837582745 0.0148243164 0.0000000000 0.0000000000 0.0000000000 0.0000000000 0.0000000000 0.0000000000 -0.5577621083 0.8275547202 -0.0449933883 0.0000000000 0.0000000000 0.0089285298
-0.2884445786 -0.0368834548 -0.0321000703 -0.0116682565 -0.0627842263 0.1763624139 -0.2747932643 0.0005999948 -0.0262589711 0.6085616258 -0.6251250331 0.7792833666 -0.0440014491 -0.7805235229 -0.6242248329 0.0335617064 -0.0013127176 0.0553244289 0.9984675680 0.2168019963 0.2978227974 -0.1677943831 -0.0101980036 0.0287779290 -0.0507169962 0.0828790900 0.0152372550 0.0000000000 0.0000000000 0.0000000000 0.0000000000 0.0000000000 0.0000000000 -0.5577563576 0.8273827138 -0.0465780304 0.0000000000 0.0000000000 0.0089191270
-0.2767477930 -0.0384028368 -0.0335443579 -0.0107321059 -0.0627810875 0.1762253317 -0.2717311400 0.0006561321 -0.0285863987 0.6162888060 -0.6244647260 0.7797266802 -0.0454984625 -0.7810517540 -0.6235078077 0.0345857097 -0.0014012460 0.0571342097 0.9983655235 0.2085659269 0.2904213670 -0.1694612769 -0.0105114151 0.0296579823 -0.0520808026 0.0819913855 0.0156456744 0.0000000000 0.0000000000 0.0000000000 0.0000000000 0.0000000000 0.0000000000 -0.5577500539 0.8272096484 -0.0481221691 0.0000000000 0.0000000000 0.0088625127
-0.2653037608 -0.0397530794 -0.0348379463 -0.0098413266 -0.0627776564 0.1760763398 -0.2686318764 0.0007169665 -0.0310226188 0.6234173312 -0.6237976401 0.7801739455 -0.0469586954 -0.7815844560 -0.6227847118 0.0355660092 -0.0014974839 0.0588881789 0.9982634622 0.1999821297 0.2826949137 -0.1709944349 -0.0108247939 0.0305372737 -0.0534291454 0.0810960737 0.0160495327 0.0000000000 0.0000000000 0.0000000000 0.0000000000 0.0000000000 0.0000000000 -0.5577431548 0.8270362188 -0.0496240422 0.0000000000 0.0000000000 0.0087592870
-0.2541176975 -0.0409418009 -0.0359902456 -0.0089951390 -0.0627739085 0.1759148969 -0.2654984340 0.0007829264 -0.0335665794 0.6299603425 -0.6231242716 0.7806250459 -0.0483805740 -0.7821212031 -0.6220563477 0.0365010129 -0.0016018382 0.0605841398 0.9981618086 0.1910887102 0.2746780088 -0.1724003387 -0.0111381393 0.0314157456 -0.0547618344 0.0801940385 0.0164487949 0.0000000000 0.0000000000 0.0000000000 0.0000000000 0.0000000000 0.0000000000 -0.5577356193 0.8268631079 -0.0510820910 0.0000000000 0.0000000000 0.0086103839
-0.2431947142 -0.0419748016 -0.0370102264 -0.0081919273 -0.0627698171 0.1757404675 -0.2623337069 0.0008544668 -0.0362169536 0.6359312272 -0.6224450936 0.7810798808 -0.0497626899 -0.7826615906 -0.6213234854 0.0373893192 -0.0017146829 0.0622201443 0.9980609768 0.1819220700 0.2664030570 -0.1736853586 -0.0114514502 0.0322933383 -0.0560787097 0.0792861281 0.0168434330 0.0000000000 0.0000000000 0.0000000000 0.0000000000 0.0000000000 0.0000000000 -0.5577274082 0.8266909829 -0.0524949468 0.0000000000 0.0000000000 0.0084170243
-0.2325375527 -0.0428590775 -0.0379062966 -0.0074307346 -0.0627653530 0.1755525234 -0.2591405216 0.0009320679 -0.0389721494 0.6413436134 -0.6217605567 0.7815383630 -0.0511037894 -0.7832052336 -0.6205868605 0.0382297083 -0.0018363566 0.0637944800 0.9979613680 0.1725173191 0.2579003958 -0.1748556339 -0.0117647238 0.0331699774 -0.0573796183 0.0783731502 0.0172334206 0.0000000000 0.0000000000 0.0000000000 0.0000000000 0.0000000000 0.0000000000 -0.5577184845 0.8265204914 -0.0538614186 0.0000000000 0.0000000000 0.0081807076
-0.2221495211 -0.0436012223 -0.0386865363 -0.0067101647 -0.0627604846 0.1753505451 -0.2559216363 0.0010162337 -0.0418303266 0.6462112467 -0.6210710898 0.7820004167 -0.0524027640 -0.7837517666 -0.6198471742 0.0390211350 -0.0019671613 0.0653056577 0.9978633681 0.1629080032 0.2491984242 -0.1759171674 -0.0120779574 0.0340455994 -0.0586644411 0.0774558713 0.0176187339 0.0000000000 0.0000000000 0.0000000000 0.0000000000 0.0000000000 0.0000000000 -0.5577088139 0.8263522581 -0.0551804813 0.0000000000 0.0000000000 0.0079031682
-0.2120333314 -0.0442071371 -0.0393583216 -0.0060283872 -0.0627551779 0.1751340228 -0.2526797399 0.0011074901 -0.0447894048 0.6505480203 -0.6203771007 0.7824659758 -0.0536586409 -0.7843008428 -0.6191050913 0.0397627205 -0.0021073618 0.0667523985 0.9977673458 0.1531261946 0.2403236778 -0.1768757624 -0.0123911500 0.0349201299 -0.0599330440 0.0765350346 0.0179993534 0.0000000000 0.0000000000 0.0000000000 0.0000000000 0.0000000000 0.0000000000 -0.5576983658 0.8261868824 -0.0564512644 0.0000000000 0.0000000000 0.0075863513
-0.2021894902 -0.0446830541 -0.0399291217 -0.0053844335 -0.0627493961 0.1749024577 -0.2494174518 0.0012063833 -0.0478470767 0.6543679436 -0.6196789771 0.7829349816 -0.0548705742 -0.7848521329 -0.6183612408 0.0404537448 -0.0022571844 0.0681336224 0.9976736514 0.1432026485 0.2313009893 -0.1777369606 -0.0127042998 0.0357934944 -0.0611853227 0.0756113188 0.0183752677 0.0000000000 0.0000000000 0.0000000000 0.0000000000 0.0000000000 0.0000000000 -0.5576871130 0.8260249359 -0.0576730413 0.0000000000 0.0000000000 0.0072323922
-0.1926192045 -0.0450356156 -0.0404053107 -0.0047765351 -0.0627430995 0.1746553630 -0.2461373211 0.0013134775 -0.0510008267 0.6576850291 -0.6189770875 0.7834073819 -0.0560378369 -0.7854053247 -0.6176162147 0.0410936399 -0.0024168159 0.0694484370 0.9975826149 0.1331667263 0.2221534684 -0.1785061653 -0.0130174048 0.0366656259 -0.0624211803 0.0746853912 0.0187464631 0.0000000000 0.0000000000 0.0000000000 0.0000000000 0.0000000000 0.0000000000 -0.5576750326 0.8258669602 -0.0588452190 0.0000000000 0.0000000000 0.0068435854
-0.1833227724 -0.0452703312 -0.0407932401 -0.0042035109 -0.0627362457 0.1743922652 -0.2428418269 0.0014293528 -0.0542479398 0.6605133291 -0.6182717818 0.7838831288 -0.0571598128 -0.7859601226 -0.6168705684 0.0416819814 -0.0025864042 0.0706961264 0.9974945455 0.1230463020 0.2129027516 -0.1791885275 -0.0133304596 0.0375364311 -0.0636405349 0.0737578602 0.0191129311 0.0000000000 0.0000000000 0.0000000000 0.0000000000 0.0000000000 0.0000000000 -0.5576621059 0.8257134655 -0.0599673285 0.0000000000 0.0000000000 0.0064223504
-0.1742992252 -0.0453930721 -0.0410995074 -0.0036639816 -0.0627287893 0.1741127046 -0.2395333780 0.0015546031 -0.0575855173 0.6628668891 -0.6175633923 0.7843621779 -0.0582359893 -0.7865162461 -0.6161248204 0.0422184823 -0.0027660577 0.0718761408 0.9974097299 0.1128680178 0.2035690084 -0.1797890291 -0.0136434641 0.0384058394 -0.0648433268 0.0728293051 0.0194746661 0.0000000000 0.0000000000 0.0000000000 0.0000000000 0.0000000000 0.0000000000 -0.5576483194 0.8255649291 -0.0610390161 0.0000000000 0.0000000000 0.0059712212
-0.1655478776 -0.0454099476 -0.0413291603 -0.0031561914 -0.0627206819 0.1738162364 -0.2362143132 0.0016898334 -0.0610104934 0.6647596838 -0.6168522341 0.7848444868 -0.0592659502 -0.7870734301 -0.6153794526 0.0427029854 -0.0029558454 0.0729880867 0.9973284325 0.1026572016 0.1941708861 -0.1803124550 -0.0139564127 0.0392737612 -0.0660294816 0.0719002702 0.0198316667 0.0000000000 0.0000000000 0.0000000000 0.0000000000 0.0000000000 0.0000000000 -0.5576336640 0.8254217949 -0.0620600339 0.0000000000 0.0000000000 0.0054928163
-0.1570679843 -0.0453257561 -0.0414871164 -0.0026788460 -0.0627118722 0.1735024319 -0.2328869014 0.0018356578 -0.0645196460 0.6662056322 -0.6161386062 0.7853300143 -0.0602493693 -0.7876314232 -0.6146349108 0.0431354568 -0.0031557968 0.0740317167 0.9972508941 0.0924378108 0.1847258635 -0.1807633395 -0.0142693045 0.0401401147 -0.0671989620 0.0709712645 0.0201839316 0.0000000000 0.0000000000 0.0000000000 0.0000000000 0.0000000000 0.0000000000 -0.5576181363 0.8252844721 -0.0630302325 0.0000000000 0.0000000000 0.0049898107
-0.1488569677 -0.0451470688 -0.0415790640 -0.0022302428 -0.0627023055 0.1731708783 -0.2295533423 0.0019926964 -0.0681096097 0.6672185955 -0.6154227925 0.7858187191 -0.0611860042 -0.7881899880 -0.6138916048 0.0435159794 -0.0033659031 0.0750069215 0.9971773325 0.0822327301 0.1752502813 -0.1811460318 -0.0145821339 0.0410048142 -0.0683517307 0.0700427446 0.0205314648 0.0000000000 0.0000000000 0.0000000000 0.0000000000 0.0000000000 0.0000000000 -0.5576017380 0.8251533349 -0.0639495531 0.0000000000 0.0000000000 0.0044649312
-0.1409131289 -0.0448785685 -0.0416091643 -0.0018093482 -0.0626919243 0.1728211804 -0.2262157665 0.0021615729 -0.0717768946 0.6678122841 -0.6147050621 0.7863105590 -0.0620756909 -0.7887488994 -0.6131499098 0.0438447460 -0.0035861176 0.0759137202 0.9971079414 0.0720633667 0.1657591684 -0.1814646379 -0.0148948990 0.0418677665 -0.0694877654 0.0691151609 0.0208742707 0.0000000000 0.0000000000 0.0000000000 0.0000000000 0.0000000000 0.0000000000 -0.5575844760 0.8250287228 -0.0648180206 0.0000000000 0.0000000000 0.0039209108
-0.1332338899 -0.0445252024 -0.0415822007 -0.0014145089 -0.0626806678 0.1724529605 -0.2228762364 0.0023429125 -0.0755178953 0.6680003039 -0.6139856703 0.7868054902 -0.0629183381 -0.7893079451 -0.6124101667 0.0441220529 -0.0038163564 0.0767522524 0.9970428913 0.0619500790 0.1562665896 -0.1817231162 -0.0152075924 0.0427288786 -0.0706070513 0.0681888997 0.0212123548 0.0000000000 0.0000000000 0.0000000000 0.0000000000 0.0000000000 0.0000000000 -0.5575663630 0.8249109399 -0.0656357366 0.0000000000 0.0000000000 0.0033604938
-0.1258165538 -0.0440927334 -0.0415015705 -0.0010442302 -0.0626684721 0.1720658594 -0.2195367466 0.0025373386 -0.0793289061 0.6677961119 -0.6132648591 0.7873034668 -0.0637139217 -0.7898669239 -0.6116726832 0.0443482946 -0.0040564993 0.0775227700 0.9969823293 0.0519121151 0.1467855059 -0.1819251889 -0.0155202132 0.0435880609 -0.0717095807 0.0672643355 0.0215457268 0.0000000000 0.0000000000 0.0000000000 0.0000000000 0.0000000000 0.0000000000 -0.5575474168 0.8248002559 -0.0664028732 0.0000000000 0.0000000000 0.0027864147
-0.1186577380 -0.0435856394 -0.0413715020 -0.0006970552 -0.0626552703 0.1716595364 -0.2161992250 0.0027454707 -0.0832061332 0.6672130121 -0.6125428583 0.7878044397 -0.0644624808 -0.7904256459 -0.6109377346 0.0445239571 -0.0043063909 0.0782256300 0.9969263793 0.0419674265 0.1373280901 -0.1820743647 -0.0158327539 0.0444452167 -0.0727953613 0.0663418076 0.0218743980 0.0000000000 0.0000000000 0.0000000000 0.0000000000 0.0000000000 0.0000000000 -0.5575276606 0.8246969057 -0.0671196674 0.0000000000 0.0000000000 0.0022013669
-0.1117543653 -0.0430096202 -0.0411956161 -0.0003719521 -0.0626409922 0.1712336701 -0.2128655332 0.0029679217 -0.0871457092 0.6662641209 -0.6118198861 0.7883083568 -0.0651641130 -0.7909839316 -0.6102055654 0.0446496122 -0.0045658420 0.0788612869 0.9968751429 0.0321329592 0.1279055396 -0.1821739440 -0.0161452107 0.0453002490 -0.0738644153 0.0654216087 0.0221983781 0.0000000000 0.0000000000 0.0000000000 0.0000000000 0.0000000000 0.0000000000 -0.5575071230 0.8246010908 -0.0677864155 0.0000000000 0.0000000000 0.0016080067
-0.1051029116 -0.0423678868 -0.0409772247 -0.0000672982 -0.0626255648 0.1707879585 -0.2095374679 0.0032052954 -0.0911437031 0.6649623846 -0.6110961494 0.7888151617 -0.0658189700 -0.7915416113 -0.6094763903 0.0447259119 -0.0048346308 0.0794302861 0.9968286994 0.0224243752 0.1185282148 -0.1822270800 -0.0164575782 0.0461530574 -0.0749167502 0.0645040314 0.0225176839 0.0000000000 0.0000000000 0.0000000000 0.0000000000 0.0000000000 0.0000000000 -0.5574858377 0.8245129792 -0.0684034680 0.0000000000 0.0000000000 0.0010089190
-0.0986999571 -0.0416656248 -0.0407192223 0.0002180458 -0.0626089120 0.1703221196 -0.2062167614 0.0034581842 -0.0951961325 0.6633205576 -0.6103718449 0.7893247943 -0.0664272540 -0.7920985249 -0.6087503952 0.0447535828 -0.0051125046 0.0799332568 0.9967871070 0.0128566172 0.1092057111 -0.1822366940 -0.0167698488 0.0470035523 -0.0759524181 0.0635893097 0.0228323280 0.0000000000 0.0000000000 0.0000000000 0.0000000000 0.0000000000 0.0000000000 -0.5574638430 0.8244327070 -0.0689712249 0.0000000000 0.0000000000 0.0004066419
-0.0925412998 -0.0409077629 -0.0404248908 0.0004854229 -0.0625909547 0.1698358911 -0.2029050828 0.0037271663 -0.0992989746 0.6613512090 -0.6096471595 0.7898371897 -0.0669892136 -0.7926545211 -0.6080277388 0.0447334218 -0.0053991799 0.0803709065 0.9967504032 0.0034434587 0.0999469543 -0.1822055446 -0.0170820188 0.0478516147 -0.0769714564 0.0626776718 0.0231423257 0.0000000000 0.0000000000 0.0000000000 0.0000000000 0.0000000000 0.0000000000 -0.5574411824 0.8243603788 -0.0694901311 0.0000000000 0.0000000000 -0.0001963761
-0.0866231918 -0.0400977433 -0.0400963873 0.0007360520 -0.0625716111 0.1693290313 -0.1996040387 0.0040128040 -0.1034481789 0.6590666841 -0.6089222708 0.7903522785 -0.0675051408 -0.7932094569 -0.6073085542 0.0446662899 -0.0056943454 0.0807440148 0.9967186055 -0.0058024379 0.0907601136 -0.1821361985 -0.0173940770 0.0486971512 -0.0779739022 0.0617693109 0.0234476980 0.0000000000 0.0000000000 0.0000000000 0.0000000000 0.0000000000 0.0000000000 -0.5574179035 0.8242960688 -0.0699606726 0.0000000000 0.0000000000 -0.0007977835
-0.0809413791 -0.0392403118 -0.0397368409 0.0009710887 -0.0625507966 0.1688013183 -0.1963151748 0.0043156410 -0.1076396753 0.6564791289 -0.6081973480 0.7908699863 -0.0679753679 -0.7937631976 -0.6065929498 0.0445531079 -0.0059976631 0.0810534275 0.9966917126 -0.0148691844 0.0816528582 -0.1820310482 -0.0177060235 0.0495400652 -0.0789598227 0.0608643965 0.0237484574 0.0000000000 0.0000000000 0.0000000000 0.0000000000 0.0000000000 0.0000000000 -0.5573940583 0.8242398223 -0.0703833728 0.0000000000 0.0000000000 -0.0013953130
-0.0754915550 -0.0383390151 -0.0393485688 0.0011916249 -0.0625284237 0.1682525510 -0.1930399763 0.0046362005 -0.1118693859 0.6536004655 -0.6074725523 0.7913902338 -0.0684002642 -0.7943156159 -0.6058810110 0.0443948514 -0.0063087694 0.0813000517 0.9966697051 -0.0237459641 0.0726321375 -0.1818923212 -0.0180178434 0.0503802449 -0.0799292922 0.0599630869 0.0240446264 0.0000000000 0.0000000000 0.0000000000 0.0000000000 0.0000000000 0.0000000000 -0.5573697028 0.8241916564 -0.0707587888 0.0000000000 0.0000000000 -0.0019868105
-0.0702697709 -0.0373978801 -0.0389336236 0.0013988687 -0.0625044027 0.1676825485 -0.1897798695 0.0049749835 -0.1161332341 0.6504423905 -0.6067480371 0.7919129365 -0.0687802333 -0.7948665917 -0.6051728019 0.0441925462 -0.0066272775 0.0814848503 0.9966525465 -0.0324227594 0.0637043662 -0.1817220891 -0.0183295310 0.0512175858 -0.0808823705 0.0590654989 0.0243362244 0.0000000000 0.0000000000 0.0000000000 0.0000000000 0.0000000000 0.0000000000 -0.5573448963 0.8241515614 -0.0710875080 0.0000000000 0.0000000000 -0.0025702241
-0.0652715415 -0.0364208892 -0.0384939164 0.0015937281 -0.0624786412 0.1670911502 -0.1865362228 0.0053324664 -0.1204271515 0.6470163950 -0.6060239491 0.7924380050 -0.0691157104 -0.7954160119 -0.6044683664 0.0439472642 -0.0069527782 0.0816088373 0.9966401841 -0.0408904618 0.0548754850 -0.1815222507 -0.0186410807 0.0520519838 -0.0818191394 0.0581717437 0.0246232683 0.0000000000 0.0000000000 0.0000000000 0.0000000000 0.0000000000 0.0000000000 -0.5573197017 0.8241195022 -0.0713701452 0.0000000000 0.0000000000 -0.0031436189
-0.0604927875 -0.0354111046 -0.0380315781 0.0017774642 -0.0624510446 0.1664782161 -0.1833103477 0.0057090993 -0.1247470885 0.6433337380 -0.6053004282 0.7929653446 -0.0694071601 -0.7959637697 -0.6037677296 0.0436601187 -0.0072848424 0.0816730734 0.9966325502 -0.0491408622 0.0461509945 -0.1812945753 -0.0189524814 0.0528833196 -0.0827396885 0.0572819091 0.0249057831 0.0000000000 0.0000000000 0.0000000000 0.0000000000 0.0000000000 0.0000000000 -0.5572941845 0.8240954195 -0.0716073401 0.0000000000 0.0000000000 -0.0037051823
-0.0559284016 -0.0343723558 -0.0375483856 0.0019507427 -0.0624215161 0.1658436259 -0.1801034997 0.0061053047 -0.1290890205 0.6394054686 -0.6045776083 0.7934948558 -0.0696550743 -0.7965097645 -0.6030708998 0.0433322607 -0.0076230224 0.0816786613 0.9966295630 -0.0571664427 0.0375359048 -0.1810406518 -0.0192637220 0.0537115037 -0.0836441070 0.0563960713 0.0251837885 0.0000000000 0.0000000000 0.0000000000 0.0000000000 0.0000000000 0.0000000000 -0.5572684132 0.8240792311 -0.0717997545 0.0000000000 0.0000000000 -0.0042532138
-0.0515744649 -0.0333081298 -0.0370460562 0.0021147020 -0.0623899568 0.1651872798 -0.1769168801 0.0065214759 -0.1334489590 0.6352423742 -0.6038556179 0.7940264337 -0.0698599696 -0.7970539016 -0.6023778694 0.0429648747 -0.0079668534 0.0816267423 0.9966311274 -0.0649605510 0.0290348173 -0.1807619743 -0.0195747968 0.0545364171 -0.0845324993 0.0555142828 0.0254573012 0.0000000000 0.0000000000 0.0000000000 0.0000000000 0.0000000000 0.0000000000 -0.5572424580 0.8240708332 -0.0719480704 0.0000000000 0.0000000000 -0.0047861414
-0.0474268720 -0.0322211981 -0.0365264453 0.0022701230 -0.0623562660 0.1645090976 -0.1737516364 0.0069579756 -0.1378229540 0.6308550425 -0.6031345798 0.7945599689 -0.0700223860 -0.7975960915 -0.6016886167 0.0425591749 -0.0083158559 0.0815184915 0.9966371366 -0.0725173230 0.0206519390 -0.1804598740 -0.0198856909 0.0553579479 -0.0854049623 0.0546365787 0.0257263491 0.0000000000 0.0000000000 0.0000000000 0.0000000000 0.0000000000 0.0000000000 -0.5572163912 0.8240701020 -0.0720529872 0.0000000000 0.0000000000 -0.0053025199
-0.0434800647 -0.0311152264 -0.0359907188 0.0024176657 -0.0623203412 0.1638090188 -0.1706088639 0.0074151342 -0.1422071013 0.6262538534 -0.6024146121 0.7950953470 -0.0701428843 -0.7981362504 -0.6010031069 0.0421164018 -0.0086695363 0.0813551145 0.9966474725 -0.0798315211 0.0123910513 -0.1801355707 -0.0201963950 0.0561759956 -0.0862616152 0.0537629943 0.0259909490 0.0000000000 0.0000000000 0.0000000000 0.0000000000 0.0000000000 0.0000000000 -0.5571902867 0.8240768945 -0.0721152198 0.0000000000 0.0000000000 -0.0058010212
-0.0399650931 -0.0301572718 -0.0350410901 0.0025917892 -0.0622820782 0.1630870023 -0.1674896067 0.0078932497 -0.1465975541 0.6214489047 -0.6016958285 0.7956324493 -0.0702220446 -0.7986742992 -0.6003212939 0.0416378182 -0.0090273894 0.0811378438 0.9966620072 -0.0868987374 0.0042556677 -0.1797901899 -0.0205068998 0.0569904484 -0.0871025771 0.0528935470 0.0262511261 0.0000000000 0.0000000000 0.0000000000 0.0000000000 0.0000000000 0.0000000000 -0.5571642191 0.8240910506 -0.0721354971 0.0000000000 0.0000000000 -0.0062804513
-0.0373538770 -0.0296809673 -0.0328829922 0.0028614544 -0.0622413721 0.1623430284 -0.1643948286 0.0083924781 -0.1509895417 0.6164621886 -0.6009783455 0.7961711270 -0.0702606906 -0.7992101556 -0.5996431383 0.0411246137 -0.0093891109 0.0808680598 0.9966805915 -0.0937525042 -0.0036602858 -0.1794199343 -0.0208171904 0.0578011945 -0.0879279524 0.0520282485 0.0265068999 0.0000000000 0.0000000000 0.0000000000 0.0000000000 0.0000000000 0.0000000000 -0.5571382466 0.8241123669 -0.0721147794 0.0000000000 0.0000000000 -0.0067427865
-0.0348409116 -0.0291188993 -0.0309180822 0.0031152174 -0.0621981174 0.1615771063 -0.1613253226 0.0089127224 -0.1553764012 0.6113399900 -0.6002623059 0.7967111254 -0.0702605630 -0.7997437087 -0.5989686610 0.0405776238 -0.0097552311 0.0805476613 0.9967030198 -0.1005020811 -0.0110822651 -0.1790111551 -0.0211272556 0.0586081296 -0.0887378752 0.0511672041 0.0267582955 0.0000000000 0.0000000000 0.0000000000 0.0000000000 0.0000000000 0.0000000000 -0.5571123578 0.8241405184 -0.0720549147 0.0000000000 0.0000000000 -0.0071962597
-0.0324265584 -0.0284772124 -0.0291339569 0.0033516823 -0.0621522083 0.1607892696 -0.1582817541 0.0094542996 -0.1597549487 0.6060871567 -0.5995478682 0.7972521225 -0.0702239768 -0.8002748289 -0.5982979203 0.0399974603 -0.0101267992 0.0801788731 0.9967290486 -0.1071277077 -0.0180542637 -0.1785661241 -0.0214370824 0.0594111308 -0.0895324796 0.0503105486 0.0270053325 0.0000000000 0.0000000000 0.0000000000 0.0000000000 0.0000000000 0.0000000000 -0.5570864966 0.8241751020 -0.0719583061 0.0000000000 0.0000000000 -0.0076387073
-0.0301126465 -0.0277613625 -0.0275194608 0.0035725893 -0.0621035372 0.1599795675 -0.1552647642 0.0100175742 -0.1641221030 0.6007085669 -0.5988351820 0.7977938182 -0.0701530359 -0.8008033948 -0.5976309550 0.0393848270 -0.0105046544 0.0797638093 0.9967584396 -0.1136110421 -0.0246174677 -0.1780873123 -0.0217466578 0.0602101050 -0.0903118849 0.0494583871 0.0272480333 0.0000000000 0.0000000000 0.0000000000 0.0000000000 0.0000000000 0.0000000000 -0.5570606221 0.8242157328 -0.0718271479 0.0000000000 0.0000000000 -0.0080681534
-0.0278980639 -0.0269780420 -0.0260634962 0.0037784323 -0.0620519947 0.1591480646 -0.1522749690 0.0106029467 -0.1684748766 0.5952092051 -0.5981243884 0.7983359336 -0.0700496469 -0.8013292932 -0.5969677852 0.0387405127 -0.0108894392 0.0793044795 0.9967909609 -0.1199350033 -0.0308105374 -0.1775769424 -0.0220559686 0.0610049330 -0.0910762399 0.0486108192 0.0274864230 0.0000000000 0.0000000000 0.0000000000 0.0000000000 0.0000000000 0.0000000000 -0.5570347083 0.8242620436 -0.0716634387 0.0000000000 0.0000000000 -0.0084827960
-0.0257833526 -0.0261315238 -0.0247556530 0.0039704712 -0.0619974691 0.1582948400 -0.1493129601 0.0112108447 -0.1728103848 0.5895940103 -0.5974156208 0.7988782101 -0.0699155316 -0.8018524186 -0.5963084145 0.0380653849 -0.0112816132 0.0788027936 0.9968263865 -0.1260840510 -0.0366696203 -0.1770371664 -0.0223649964 0.0617955104 -0.0918256715 0.0477679209 0.0277205296 0.0000000000 0.0000000000 0.0000000000 0.0000000000 0.0000000000 0.0000000000 -0.5570087427 0.8243136848 -0.0714689933 0.0000000000 0.0000000000 -0.0088810251
-0.0237693042 -0.0252280030 -0.0235860124 0.0041497280 -0.0619398469 0.1574199870 -0.1463793043 0.0118417128 -0.1771258353 0.5838679613 -0.5967090049 0.7994204079 -0.0697522390 -0.8023726733 -0.5956528309 0.0373603835 -0.0116814656 0.0782605677 0.9968644978 -0.1320436344 -0.0422285054 -0.1764699562 -0.0226737279 0.0625817254 -0.0925603360 0.0469297449 0.0279503725 0.0000000000 0.0000000000 0.0000000000 0.0000000000 0.0000000000 0.0000000000 -0.5569827262 0.8243703244 -0.0712454544 0.0000000000 0.0000000000 -0.0092613800
-0.0218545347 -0.0242725108 -0.0225441996 0.0043169251 -0.0618790120 0.1565236128 -0.1434745433 0.0124960027 -0.1814185247 0.5780360889 -0.5960046603 0.7999623056 -0.0695611572 -0.8028899663 -0.5950010088 0.0366265152 -0.0120891272 0.0776795289 0.9969050826 -0.1378006281 -0.0475187351 -0.1758771379 -0.0229821503 0.0633634776 -0.0932803601 0.0460963322 0.0281759799 0.0000000000 0.0000000000 0.0000000000 0.0000000000 0.0000000000 0.0000000000 -0.5569566716 0.8244316468 -0.0709943035 0.0000000000 0.0000000000 -0.0096225770
-0.0200393498 -0.0232710205 -0.0216209777 0.0044730781 -0.0618148461 0.1556058376 -0.1405991937 0.0131741662 -0.1856858444 0.5721033643 -0.5953027000 0.8005036983 -0.0693435248 -0.8034042138 -0.5943529103 0.0358648470 -0.0125045831 0.0770613203 0.9969479366 -0.1433430663 -0.0525694995 -0.1752604343 -0.0232902430 0.0641406551 -0.0939859003 0.0452677032 0.0283973739 0.0000000000 0.0000000000 0.0000000000 0.0000000000 0.0000000000 0.0000000000 -0.5569306031 0.8244973530 -0.0707168720 0.0000000000 0.0000000000 -0.0099634867
-0.0183228366 -0.0222272314 -0.0208078269 0.0046187309 -0.0617472288 0.1546667948 -0.1377537473 0.0138766466 -0.1899252712 0.5660747852 -0.5946032319 0.8010443968 -0.0691004417 -0.8039153386 -0.5937084870 0.0350765004 -0.0129276846 0.0764075055 0.9969928626 -0.1486603560 -0.0574078950 -0.1746214232 -0.0235979911 0.0649131462 -0.0946770906 0.0444438726 0.0286145797 0.0000000000 0.0000000000 0.0000000000 0.0000000000 0.0000000000 0.0000000000 -0.5569045551 0.8245671590 -0.0704143518 0.0000000000 0.0000000000 -0.0102831449
