# Actions and States
# action[0], ..., state[0], ..., command[0], ...
-0.1962895691 -0.6992226839 0.3433037400 0.1247151271 -0.1661878337 -0.3177823713 -0.0662330964 0.0000000000 0.0000000000 0.0000000000 -0.9341576533 0.3568605874 0.0000000000 -0.3568605874 -0.9341576533 0.0000000000 0.0000000000 0.0000000000 1.0000000000 0.0000000000 0.0000000000 0.0000000000 -0.0000043613 -0.0000083397 -0.0000017382 -0.0014378352 -0.0000035946 -0.1627170891 -0.3111456335 -0.0648498535 0.3434255719 0.6566942334 0.1368700713 -0.9351799976 0.3541727997 0.0000000000 0.0000000000 0.0000000000 0.2875641241
-0.1385449469 -0.6583043337 0.2421856225 0.1162684783 -0.1661878733 -0.3177823816 -0.0660389380 -0.0000264579 -0.0000068688 0.0776633295 -0.9341918212 0.3567703197 -0.0007616832 -0.3567699846 -0.9341921022 -0.0005425638 -0.0009051291 -0.0002351129 0.9999995627 -0.2170431497 0.3045954100 0.0386735418 -0.0000173995 -0.0000332710 -0.0000064490 -0.0027787255 -0.0000141355 -0.1610089839 -0.3078794181 -0.0641691014 0.3398205340 0.6498006582 0.1354332864 -0.9356875762 0.3528279926 -0.0007639639 0.0000000000 0.0000000000 0.2873991679
-0.0610670820 -0.5994439125 0.1384517550 0.1059843749 -0.1661887370 -0.3177826111 -0.0653383866 -0.0003294293 -0.0000890345 0.1831413464 -0.9343040215 0.3564628288 -0.0032010979 -0.3564564142 -0.9343088458 -0.0024094468 -0.0038496923 -0.0011101039 0.9999919737 -0.4757209569 0.5948669050 0.0839717947 -0.0000390253 -0.0000746198 -0.0000123447 -0.0038819676 -0.0000307851 -0.1593188196 -0.3046475053 -0.0634954944 0.3362533152 0.6429795027 0.1340115964 -0.9361822310 0.3514856646 -0.0032138537 0.0000000000 0.0000000000 0.2860431062
0.0233619604 -0.5335419178 0.0737670660 0.0966402441 -0.1661928664 -0.3177838043 -0.0640717785 -0.0012620872 -0.0003757608 0.3019860715 -0.9344762707 0.3559614398 -0.0067492897 -0.3559294196 -0.9344966170 -0.0055064480 -0.0082672716 -0.0027433743 0.9999620623 -0.7130924259 0.7700598876 0.1246271313 -0.0000691584 -0.0001322158 -0.0000167082 -0.0047604986 -0.0000523856 -0.1576463878 -0.3014495075 -0.0628289580 0.3327235281 0.6362299323 0.1326048374 -0.9366429236 0.3501542635 -0.0067831346 0.0000000000 0.0000000000 0.2827486102
0.1159401238 -0.4626314938 0.0400162600 0.0881919935 -0.1662044392 -0.3177875072 -0.0621661806 -0.0031649580 -0.0010483152 0.4359203617 -0.9346914260 0.3552924957 -0.0109169891 -0.3551977865 -0.9347407099 -0.0097127619 -0.0136554256 -0.0052007449 0.9998932351 -0.9255874066 0.8644979210 0.1607307811 -0.0001077359 -0.0002058964 -0.0000164912 -0.0054277163 -0.0000778457 -0.1559915245 -0.2982850969 -0.0621694215 0.3292308152 0.6295511723 0.1312128305 -0.9370514775 0.3488456121 -0.0109827522 0.0000000000 0.0000000000 0.2774328807
0.2169311196 -0.3892310560 0.0255885366 0.0806056634 -0.1662293053 -0.3177963255 -0.0595419473 -0.0063713344 -0.0023384589 0.5863717904 -0.9349363741 0.3544804116 -0.0154147390 -0.3542684723 -0.9350251208 -0.0148954005 -0.0196932959 -0.0084652957 0.9997702300 -1.1110896878 0.9144588794 0.1927194349 -0.0001547211 -0.0002955110 -0.0000082648 -0.0058956775 -0.0001061380 -0.1543540210 -0.2951538861 -0.0615168065 0.3257747591 0.6229425669 0.1298354417 -0.9373962506 0.3475720258 -0.0155216882 0.0000000000 0.0000000000 0.2703547441
0.3249277771 -0.3160581589 0.0225854926 0.0739013776 -0.1662750059 -0.3178141590 -0.0561119986 -0.0112248345 -0.0045221414 0.7548440061 -0.9352007562 0.3535471045 -0.0200995155 -0.3531478960 -0.9353337299 -0.0209135647 -0.0261936851 -0.0124602799 0.9995792276 -1.2684195729 0.9440400475 0.2210481551 -0.0002101115 -0.0004009273 0.0000118165 -0.0061758780 -0.0001362938 -0.1527337134 -0.2920555472 -0.0608710423 0.3223549724 0.6164032817 0.1284725219 -0.9376698316 0.3463444707 -0.0202540015 0.0000000000 0.0000000000 0.2618933682
0.4365739226 -0.2456831336 0.0263918210 0.0681160390 -0.1663508521 -0.3178463929 -0.0517822204 -0.0180866932 -0.0079089385 0.9426386018 -0.9354754347 0.3525121255 -0.0249181139 -0.3518426534 -0.9356514730 -0.0276236918 -0.0330523563 -0.0170740298 0.9993077700 -1.3974409670 0.9677047034 0.2461610930 -0.0002739477 -0.0005220376 0.0000480505 -0.0062795184 -0.0001674020 -0.1511304080 -0.2889897525 -0.0602320582 0.3189710975 0.6099327207 0.1271238923 -0.9378662935 0.3451719138 -0.0251226059 0.0000000000 0.0000000000 0.2524332201
0.5169698596 -0.1821964681 0.0321374163 0.0484728850 -0.1664679959 -0.3179000151 -0.0464534902 -0.0273280611 -0.0128239623 1.1505100955 -0.9357514162 0.3513930151 -0.0298703196 -0.3503597823 -0.9359653235 -0.0348846130 -0.0402157927 -0.0221779673 0.9989448572 -1.4990330714 0.9940390809 0.2684863850 -0.0003463224 -0.0006587673 0.0001052175 -0.0062174285 -0.0001986064 -0.1495439410 -0.2859561145 -0.0595997795 0.3156227469 0.6035299897 0.1257894337 -0.9379792467 0.3440614061 -0.0301227801 0.0000000000 0.0000000000 0.2423091959
0.5775806904 -0.1254061610 0.0381885991 0.0213513188 -0.1666389518 -0.3179833515 -0.0400362232 -0.0391177212 -0.0194726074 1.3740125173 -0.9360153724 0.3502163275 -0.0349820886 -0.3487174241 -0.9362608907 -0.0425641012 -0.0476590046 -0.0276417892 0.9984811219 -1.5755456541 1.0262668365 0.2838405765 -0.0004273884 -0.0008110816 0.0001885690 -0.0060112723 -0.0002291324 -0.1479741186 -0.2829543352 -0.0589741394 0.3123095632 0.5971945524 0.1244689748 -0.9380009212 0.3430184729 -0.0352761261 0.0000000000 0.0000000000 0.2317698517
0.6326237917 -0.0747033209 0.0446319766 -0.0047445167 -0.1668767798 -0.3181054945 -0.0324652474 -0.0535614168 -0.0279906558 1.6090959359 -0.9362455744 0.3490291759 -0.0402847218 -0.3469560855 -0.9365184285 -0.0505441172 -0.0553687560 -0.0333446766 0.9979090306 -1.6295727090 1.0650760212 0.2888583867 -0.0005173632 -0.0009789907 0.0003037428 -0.0057055298 -0.0002583710 -0.1464207917 -0.2799840569 -0.0583550669 0.3090311289 0.5909255743 0.1231623739 -0.9379222327 0.3420474428 -0.0406110423 0.0000000000 0.0000000000 0.2210114907
0.6834535599 -0.0315676332 0.0519251786 -0.0298772398 -0.1671952171 -0.3182761891 -0.0236884007 -0.0708264491 -0.0385128319 1.8541898411 -0.9364169467 0.3478861651 -0.0458095860 -0.3451253866 -0.9367179033 -0.0587199887 -0.0633385311 -0.0391763414 0.9972228661 -1.6634950321 1.1108681073 0.2833019959 -0.0006165323 -0.0011625543 0.0004566694 -0.0053533469 -0.0002859572 -0.1448837519 -0.2770449519 -0.0577424914 0.3057871163 0.5847223997 0.1218694970 -0.9377327026 0.3411516145 -0.0461577260 0.0000000000 0.0000000000 0.2102016022
0.7296093106 0.0040203710 0.0597747080 -0.0539937206 -0.1676089238 -0.3185058015 -0.0136583100 -0.0910974614 -0.0511497990 2.1084334841 -0.9365043091 0.3468402864 -0.0515896768 -0.3432745653 -0.9368422964 -0.0670006302 -0.0715699091 -0.0450369550 0.9964182961 -1.6801028066 1.1644689722 0.2675676103 -0.0007252530 -0.0013618831 0.0006535274 -0.0050065094 -0.0003117888 -0.1433628649 -0.2741367221 -0.0571363494 0.3025771677 0.5785843730 0.1205901876 -0.9374199531 0.3403334902 -0.0519495446 0.0000000000 0.0000000000 0.1994514193
0.7708724737 0.0323605165 0.0679154024 -0.0770595819 -0.1681334528 -0.3188051278 -0.0023318356 -0.1145468541 -0.0659696534 2.3709457170 -0.9364820717 0.3459430545 -0.0576604928 -0.3414520523 -0.9368771825 -0.0753102976 -0.0800738744 -0.0508384499 0.9954916507 -1.6822916708 1.2265437373 0.2420545206 -0.0008439588 -0.0015771433 0.0009007214 -0.0047152233 -0.0003360184 -0.1418579221 -0.2712590098 -0.0565365702 0.2994008958 0.5725107789 0.1193243116 -0.9369690954 0.3395950769 -0.0580238501 0.0000000000 0.0000000000 0.1888201570
0.8072320223 0.0538989194 0.0761615559 -0.0990518108 -0.1687851780 -0.3191851719 0.0103295872 -0.1413335243 -0.0829964880 2.6407949817 -0.9363240935 0.3452444032 -0.0640585196 -0.3397049834 -0.9368102846 -0.0835883653 -0.0888690953 -0.0565048021 0.9944392848 -1.6728577276 1.2974558474 0.2071702754 -0.0009731642 -0.0018085560 0.0012048592 -0.0045278426 -0.0003590451 -0.1403687894 -0.2684115171 -0.0559430830 0.2962579727 0.5665009022 0.1180717200 -0.9363623897 0.3389380328 -0.0644202748 0.0000000000 0.0000000000 0.1783262387
0.8388527036 0.0691528469 0.0843947008 -0.1199581623 -0.1695812352 -0.3196569336 0.0243598173 -0.1716060922 -0.1022132498 2.9170387055 -0.9360035383 0.3447925497 -0.0708200114 -0.3380787553 -0.9366309829 -0.0917886539 -0.0979802609 -0.0619717636 0.9932569501 -1.6544287787 1.3773445178 0.1633277047 -0.0011134680 -0.0020564003 0.0015727293 -0.0044906540 -0.0003815045 -0.1388952881 -0.2655938864 -0.0553558283 0.2931480408 0.5605541468 0.1168322787 -0.9355789625 0.3383637279 -0.0711792391 0.0000000000 0.0000000000 0.1679549524
0.8660318851 0.0786613747 0.0925435349 -0.1397776902 -0.1705394825 -0.3202312153 0.0397880544 -0.2055067511 -0.1235662843 3.1987565012 -0.9354927056 0.3446338448 -0.0779801954 -0.3366166264 -0.9363298179 -0.0998785211 -0.1074367009 -0.0671861976 0.9919391968 -1.6294294840 1.4662024938 0.1109419633 -0.0012655575 -0.0023210107 0.0020112768 -0.0046477108 -0.0004042579 -0.1374372542 -0.2628058791 -0.0547747388 0.2900707722 0.5546697974 0.1156058535 -0.9345945393 0.3378732380 -0.0783408258 0.0000000000 0.0000000000 0.1576644622
0.8885614872 0.0873657838 0.0965041965 -0.1587487608 -0.1716776514 -0.3209179429 0.0566316843 -0.2428397350 -0.1467641412 3.4821380205 -0.9347714593 0.3447980845 -0.0855371251 -0.3353495743 -0.9359036369 -0.1078195037 -0.1172304648 -0.0721017563 0.9904838993 -1.5930881203 1.5489904379 0.0555203637 -0.0014302095 -0.0026027746 0.0025275629 -0.0050295489 -0.0004283527 -0.1359945387 -0.2600471079 -0.0541997515 0.2870258093 0.5488472581 0.1143922955 -0.9333890943 0.3374643031 -0.0859073716 0.0000000000 0.0000000000 0.1480435292
0.9062837362 0.1149231717 0.0666099191 -0.1768267155 -0.1730125322 -0.3217255868 0.0748917341 -0.2835157198 -0.1715772121 3.7651731068 -0.9338299341 0.3452909806 -0.0934654642 -0.3342885319 -0.9353578429 -0.1155719829 -0.1273296183 -0.0766801444 0.9888919677 -1.5518298389 1.6343315651 -0.0005473209 -0.0016082879 -0.0029021280 0.0031286941 -0.0056451005 -0.0004549353 -0.1345669478 -0.2573173046 -0.0536307953 0.2840127945 0.5430858135 0.1131914780 -0.9319472030 0.3371314271 -0.0938557478 0.0000000000 0.0000000000 0.1388474222
0.9211679697 0.1411398053 0.0369447395 -0.1944282353 -0.1745609120 -0.3226617322 0.0945643368 -0.3275721972 -0.1978496348 4.0472836084 -0.9326560327 0.3461166834 -0.1017642672 -0.3334381376 -0.9346960209 -0.1231355223 -0.1377379142 -0.0809110000 0.9871583850 -1.5116592314 1.7165468663 -0.0574627837 -0.0018007419 -0.0032195477 0.0038217693 -0.0064981738 -0.0004851831 -0.1331543475 -0.2546161413 -0.0530678146 0.2810314000 0.5373848677 0.1120032668 -0.9302473777 0.3368715473 -0.1021859524 0.0000000000 0.0000000000 0.1296390688
