# Actions and States
# action[0], ..., state[0], ..., command[0], ...
0.6482168436 -0.7053163052 0.4106832743 0.2611423731 0.2117610788 0.3760054455 0.3471624588 0.0000000000 0.0000000000 0.0000000000 0.9927375867 -0.1202999749 -0.0000000000 0.1202999749 0.9927375867 0.0000000000 0.0000000000 -0.0000000000 1.0000000000 0.0000000000 0.0000000000 0.0000000000 0.0005294027 0.0009400136 0.0008679061 -0.2822869420 -0.0007057174 0.0000000000 0.0000000000 0.0000000000 0.0000000000 0.0000000000 0.0000000000 0.9869558361 0.1609912343 0.0000000000 0.0000000000 0.0000000000 0.0000000000
0.7090914845 -0.6356128454 0.2585241795 0.2486430854 0.2117611678 0.3760054833 0.3476624685 0.0000593237 0.0000251491 0.2000038597 0.9927612189 -0.1201011657 -0.0009339381 0.1201007032 0.9927615691 -0.0005366217 0.0009916268 0.0004205706 0.9999994199 -0.2146934670 0.3734711485 0.0801640534 0.0015881951 0.0028200175 0.0026049467 -0.2820863724 -0.0021165623 0.0000000000 0.0000000000 0.0000000000 0.0000000000 0.0000000000 0.0000000000 0.9869547985 0.1609907942 -0.0010463994 0.0000000000 0.0000000000 -0.0001069929
0.7688158154 -0.5440168381 0.1022626013 0.2225417346 0.2117630474 0.3760062812 0.3494274936 0.0007128867 0.0003028319 0.4560050235 0.9928344585 -0.1194311063 -0.0039935984 0.1194226285 0.9928408491 -0.0022987327 0.0042395478 0.0018053350 0.9999893834 -0.4371633374 0.7566833305 0.1711103680 0.0026469526 0.0046999529 0.0043475851 -0.2814056873 -0.0035249400 0.0000000000 0.0000000000 0.0000000000 0.0000000000 0.0000000000 0.0000000000 0.9869368646 0.1609831557 -0.0044748421 0.0000000000 0.0000000000 -0.0009389666
0.8089385629 -0.4654976428 -0.0217617881 0.1811937988 0.2117717374 0.3760099842 0.3524966028 0.0026267121 0.0011214802 0.7201380690 0.9929332045 -0.1183615659 -0.0086134292 0.1183217437 0.9929627387 -0.0049964495 0.0091442018 0.0039419847 0.9999504209 -0.6025150810 1.0172557422 0.2473789750 0.0037056836 0.0065798052 0.0061022211 -0.2803058326 -0.0049285134 0.0000000000 0.0000000000 0.0000000000 0.0000000000 0.0000000000 0.0000000000 0.9868675073 0.1609531565 -0.0096590694 0.0000000000 0.0000000000 -0.0028743168
0.8414005041 -0.3998532593 -0.1013302356 0.1366964430 0.2117951119 0.3760200370 0.3569082909 0.0062989812 0.0027217081 0.9913780951 0.9930334332 -0.1169796441 -0.0141549751 0.1168693470 0.9931118906 -0.0083862132 0.0150384903 0.0066735074 0.9998646449 -0.7292117082 1.1487442367 0.3064256637 0.0047644423 0.0084595988 0.0078754723 -0.2788622975 -0.0063253767 0.0000000000 0.0000000000 0.0000000000 0.0000000000 0.0000000000 0.0000000000 0.9867164730 0.1608850141 -0.0159145476 0.0000000000 0.0000000000 -0.0061245438
0.8704608679 -0.3425504267 -0.1379470676 0.0953525603 0.2118429586 0.3760409947 0.3626958990 0.0120370924 0.0053175496 1.2691437290 0.9931200441 -0.1153744346 -0.0200329180 0.1151435764 0.9932724290 -0.0123222800 0.0213198212 0.0099308414 0.9997233835 -0.8329684972 1.1749082317 0.3484822925 0.0058233254 0.0103393756 0.0096741337 -0.2771545649 -0.0077140122 0.0000000000 0.0000000000 0.0000000000 0.0000000000 0.0000000000 0.0000000000 0.9864731447 0.1607663951 -0.0226342376 0.0000000000 0.0000000000 -0.0108579179
0.8956141472 -0.2913550436 -0.1453462541 0.0564045422 0.2119260925 0.3760784585 0.3698914831 0.0199841025 0.0091164756 1.5532776717 0.9931879436 -0.1136248117 -0.0258284878 0.1132177016 0.9934295521 -0.0167175681 0.0275583136 0.0136794451 0.9995265940 -0.9226746359 1.1323001674 0.3756376663 0.0068824831 0.0122192036 0.0115051633 -0.2752544582 -0.0090932800 0.0000000000 0.0000000000 0.0000000000 0.0000000000 0.0000000000 0.0000000000 0.9861455911 0.1605890435 -0.0293871905 0.0000000000 0.0000000000 -0.0170509027
0.9168294072 -0.2442210168 -0.1337438673 0.0192221422 0.2120556569 0.3761390570 0.3785261456 0.0301592699 0.0143225528 1.8435057708 0.9932384537 -0.1117967880 -0.0312866163 0.1111561876 0.9935698983 -0.0215211334 0.0334914337 0.0178979163 0.9992787341 -1.0044989079 1.0484937850 0.3898498018 0.0079421196 0.0140991844 0.0133756772 -0.2732233107 -0.0104623735 0.0000000000 0.0000000000 0.0000000000 0.0000000000 0.0000000000 0.0000000000 0.9857522888 0.1603480553 -0.0359100542 0.0000000000 0.0000000000 -0.0245756844
0.9343666434 -0.1994411945 -0.1093913540 -0.0165812522 0.2122426201 0.3762304324 0.3886292124 0.0424956302 0.0211377138 2.1394332427 0.9932759712 -0.1099466633 -0.0362570846 0.1090165475 0.9936810409 -0.0267091981 0.0389645648 0.0225769825 0.9989855067 -1.0829873663 0.9407022613 0.3925991480 0.0090024956 0.0159794483 0.0152929444 -0.2711149156 -0.0118207745 0.0000000000 0.0000000000 0.0000000000 0.0000000000 0.0000000000 0.0000000000 0.9853157786 0.1600409465 -0.0420482998 0.0000000000 0.0000000000 -0.0332856493
0.9486330748 -0.1557192653 -0.0762691572 -0.0512396768 0.2124974307 0.3763612362 0.4002278875 0.0568676485 0.0297642866 2.4406258845 0.9933058713 -0.1081234266 -0.0406542819 0.1068508158 0.9937510060 -0.0322775643 0.0438901944 0.0277175510 0.9986517853 -1.1613640296 0.8197092571 0.3850223938 0.0100639220 0.0178601760 0.0172643699 -0.2689774036 -0.0131682195 0.0000000000 0.0000000000 0.0000000000 0.0000000000 0.0000000000 0.0000000000 0.9848587641 0.1596668907 -0.0477155486 0.0000000000 0.0000000000 -0.0430373680
0.9600372910 -0.1228226721 -0.0436653942 -0.0843839571 0.2128294721 0.3765409252 0.4133402629 0.0729850347 0.0403183299 2.7438780301 0.9933309357 -0.1063753957 -0.0444738953 0.1047131132 0.9937694606 -0.0381762122 0.0482578086 0.0332646125 0.9982808470 -1.2179954357 0.7087061206 0.3665038547 0.0111267623 0.0197415873 0.0192974769 -0.2668619752 -0.0145046953 0.0000000000 0.0000000000 0.0000000000 0.0000000000 0.0000000000 0.0000000000 0.9843989619 0.1592287542 -0.0528925499 0.0000000000 0.0000000000 -0.0522738987
0.9689703584 -0.0987920240 -0.0196146760 -0.1165434793 0.2132463789 0.3767791937 0.4279645190 0.0904790894 0.0528032176 3.0451222281 0.9933487826 -0.1047434735 -0.0478225986 0.1026512112 0.9937306494 -0.0442958827 0.0521624866 0.0390922135 0.9978731752 -1.2569373327 0.6258550707 0.3422148851 0.0121914223 0.0216239467 0.0213998239 -0.2648156285 -0.0158304293 0.0000000000 0.0000000000 0.0000000000 0.0000000000 0.0000000000 0.0000000000 0.9839421185 0.1587326593 -0.0576526957 0.0000000000 0.0000000000 -0.0605235426
0.9759258032 -0.0812072903 -0.0036445621 -0.1477138102 0.2137543256 0.3770857471 0.4440861930 0.1091432488 0.0672459468 3.3434111240 0.9933551877 -0.1032513562 -0.0508392426 0.1006918960 0.9936315800 -0.0505709919 0.0557370004 0.0451158575 0.9974256595 -1.2840028006 0.5680580233 0.3133280158 0.0132583408 0.0235075764 0.0235789344 -0.2628655732 -0.0171458405 0.0000000000 0.0000000000 0.0000000000 0.0000000000 0.0000000000 0.0000000000 0.9834849139 0.1581817248 -0.0621129030 0.0000000000 0.0000000000 -0.0678882226
0.9809306264 -0.0683435649 0.0024178056 -0.1735811234 0.2143587696 0.3774704482 0.4616901933 0.1288519843 0.0836681141 3.6386500890 0.9933458573 -0.1019238949 -0.0536239451 0.0988619882 0.9934698742 -0.0569553894 0.0590788891 0.0512750303 0.9969355827 -1.3027386655 0.5279731988 0.2796647593 0.0143279880 0.0253928360 0.0258422513 -0.2610392570 -0.0184514802 0.0000000000 0.0000000000 0.0000000000 0.0000000000 0.0000000000 0.0000000000 0.9830233630 0.1575782101 -0.0663591077 0.0000000000 0.0000000000 -0.0745409317
0.9840900302 -0.0570993349 -0.0021542204 -0.1902043223 0.2150647010 0.3779432585 0.4807620147 0.1495349969 0.1020927355 3.9311526185 0.9933174402 -0.1007847031 -0.0562397237 0.0971864890 0.9932435245 -0.0634199293 0.0622515001 0.0575303805 0.9964010267 -1.3166172503 0.4981688944 0.2417387969 0.0154008567 0.0272801481 0.0281971432 -0.2593621314 -0.0197480358 0.0000000000 0.0000000000 0.0000000000 0.0000000000 0.0000000000 0.0000000000 0.9825545699 0.1569237577 -0.0704469160 0.0000000000 0.0000000000 -0.0807377147
