# Actions and States
# action[0], ..., state[0], ..., command[0], ...
-0.0063270680 0.2187977880 0.3324386775 0.0955678970 0.0730085123 0.3409974462 0.1082729049 0.0000000000 0.0000000000 0.0000000000 0.3523304066 0.9358756779 0.0000000000 -0.9358756779 0.3523304066 0.0000000000 0.0000000000 0.0000000000 1.0000000000 0.0000000000 0.0000000000 0.0000000000 0.0000012596 0.0000058829 0.0000018679 -0.0018621271 -0.0000046553 0.0720043480 0.3363073468 0.1067837104 -0.0997225791 -0.4657695889 -0.1478903294 0.3488425160 0.9371813587 0.0000000000 0.0000000000 0.0000000000 0.3724289219
0.8992477059 0.5006061196 0.2410214841 0.0047292579 0.0730086894 0.3409974309 0.1171040577 0.0000626938 0.0000097069 2.7956360100 0.3522811446 0.9358939316 -0.0007375512 -0.9358941858 0.3522812414 0.0000014398 0.0002611730 0.0006897627 0.9999997280 0.0004447987 0.2949551601 0.0209572304 0.0000050299 0.0000234908 0.0000295367 -0.0036717395 -0.0000184894 0.0715074614 0.3339865506 0.1060468107 -0.0990344137 -0.4625554085 -0.1468697637 0.3470965523 0.9378288199 -0.0007375318 0.0000000000 0.0000000000 0.3724303525
0.9196876287 0.4892168641 0.1592988372 -0.0199704207 0.0730105492 0.3409979079 0.1318000866 0.0004809654 0.0003402840 3.0557072385 0.3521656978 0.9359330829 -0.0029301354 -0.9359367249 0.3521680645 0.0003182246 0.0013297371 0.0026303536 0.9999956565 0.1238320666 0.5083954084 0.0216675873 0.0000112983 0.0000527437 0.0001197200 -0.0054129986 -0.0000411984 0.0710140020 0.3316817582 0.1053149998 -0.0983509943 -0.4593633711 -0.1458562315 0.3453458772 0.9384663456 -0.0029277302 0.0000000000 0.0000000000 0.3728006701
0.9379367828 0.4709756076 0.1050402895 -0.0449230671 0.0730148280 0.3410029615 0.1479622616 0.0011970232 0.0015684389 3.3509118034 0.3520855292 0.9359492096 -0.0059039952 -0.9359616821 0.3520990758 0.0014037118 0.0033925942 0.0050316867 0.9999815860 0.2799796213 0.6462544580 0.0109802356 0.0000200577 0.0000935732 0.0002907176 -0.0072018802 -0.0000727281 0.0705239400 0.3293928802 0.1045882404 -0.0976722911 -0.4561933875 -0.1448497027 0.3435816123 0.9390858685 -0.0058909273 0.0000000000 0.0000000000 0.3741058444
0.9523552656 0.4546677172 0.0450069718 -0.0697852969 0.0730251130 0.3410167765 0.1656095269 0.0027662662 0.0036873621 3.6487555078 0.3520521287 0.9359315279 -0.0095641933 -0.9359585118 0.3520953912 0.0032403117 0.0064002183 0.0078109295 0.9999490120 0.4231700989 0.7921484770 -0.0019829672 0.0000313119 0.0001459323 0.0005498787 -0.0090619391 -0.0001133734 0.0700372681 0.3271197975 0.1038664952 -0.0969982669 -0.4530452788 -0.1438501179 0.3417912515 0.9396792929 -0.0095277931 0.0000000000 0.0000000000 0.3765240397
