# Actions and States
# action[0], ..., state[0], ..., command[0], ...
0.3758254647 -0.1117063090 -0.0420265384 0.2519488335 -0.0583071452 0.0426963172 0.2520908880 0.0000000000 0.0000000000 0.0000000000 0.2559756507 -0.9666832295 -0.0000000000 0.9666832295 0.2559756507 0.0000000000 0.0000000000 -0.0000000000 1.0000000000 0.0000000000 0.0000000000 0.0000000000 -0.0001457679 0.0001067408 0.0006302272 -0.3014195263 -0.0007535488 0.0000000000 0.0000000000 0.0000000000 0.0000000000 0.0000000000 0.0000000000 0.5314203405 -0.8471082704 0.0000000000 0.0000000000 0.0000000000 0.0000000000
0.4523203373 -0.1081308499 -0.0250486098 0.2403282225 -0.0583071407 0.0426963256 0.2524930882 0.0000029976 0.0000056206 0.1608800674 0.2561646461 -0.9666331597 0.0000932320 0.9666331623 0.2561646385 -0.0000866899 0.0000599146 0.0001123281 0.9999999919 -0.0346716143 -0.0372879442 0.0782048321 -0.0004373000 0.0003202197 0.0018916714 -0.3012240529 -0.0022600635 0.0000000000 0.0000000000 0.0000000000 0.0000000000 0.0000000000 0.0000000000 0.5314203443 -0.8471082633 0.0000633142 0.0000000000 0.0000000000 0.0000027968
0.5451073647 -0.1040436774 -0.0098034507 0.2263333499 -0.0583070422 0.0426965064 0.2539286050 0.0000379980 0.0000685866 0.3731066673 0.2568173963 -0.9664598695 0.0003814375 0.9664599053 0.2568172529 -0.0003874122 0.0002764586 0.0004681383 0.9999998522 -0.0768832182 -0.0687417050 0.1723619256 -0.0007288208 0.0005336911 0.0031576627 -0.3005487919 -0.0037641190 0.0000000000 0.0000000000 0.0000000000 0.0000000000 0.0000000000 0.0000000000 0.5314204095 -0.8471081535 0.0002496480 0.0000000000 0.0000000000 0.0000234139
0.5986589193 -0.1008932665 -0.0020764961 0.1948177665 -0.0583065466 0.0426973448 0.2564729036 0.0001543665 0.0002534942 0.6016111151 0.2579102396 -0.9661685723 0.0007734917 0.9661686528 0.2579095446 -0.0008950392 0.0006652679 0.0009781632 0.9999993003 -0.1175173324 -0.0828385749 0.2612874194 -0.0010203257 0.0007471544 0.0044335402 -0.2994182706 -0.0052632834 0.0000000000 0.0000000000 0.0000000000 0.0000000000 0.0000000000 0.0000000000 0.5314206565 -0.8471078057 0.0004750729 0.0000000000 0.0000000000 0.0000649535
0.6441127062 -0.0984480232 0.0013828343 0.1600010842 -0.0583050791 0.0426995910 0.2601960675 0.0004085275 0.0006039019 0.8412787119 0.2594035811 -0.9657682644 0.0012006890 0.9657682195 0.2594015767 -0.0016025900 0.0012362700 0.0015753049 0.9999979950 -0.1568269135 -0.0866715886 0.3393583350 -0.0013118109 0.0009606148 0.0057250229 -0.2978731990 -0.0067553837 0.0000000000 0.0000000000 0.0000000000 0.0000000000 0.0000000000 0.0000000000 0.5314211780 -0.8471072032 0.0006774734 0.0000000000 0.0000000000 0.0001188004
0.6872130632 -0.0966419503 0.0029422035 0.1258029491 -0.0583017683 0.0427041634 0.2651438332 0.0008620055 0.0011490549 1.0895045727 0.2612355565 -0.9652737078 0.0016288241 0.9652730263 0.2612311457 -0.0025046568 0.0019921798 0.0022265654 0.9999955368 -0.1951113027 -0.0857157386 0.4041881659 -0.0016032698 0.0011740815 0.0070381183 -0.2959772646 -0.0082385074 0.0000000000 0.0000000000 0.0000000000 0.0000000000 0.0000000000 0.0000000000 0.5314219889 -0.8471064280 0.0008274534 0.0000000000 0.0000000000 0.0001751134
0.7274931669 -0.0955130681 0.0037192008 0.0924503878 -0.0582954210 0.0427121077 0.2713566627 0.0015808786 0.0019125129 1.3456514809 0.2633410365 -0.9647006417 0.0020421389 0.9646983466 0.2633327955 -0.0035970658 0.0029323295 0.0029173031 0.9999914454 -0.2326315626 -0.0826129144 0.4557104673 -0.0018946899 0.0013875687 0.0083790505 -0.2937974632 -0.0097110700 0.0000000000 0.0000000000 0.0000000000 0.0000000000 0.0000000000 0.0000000000 0.5314230176 -0.8471056070 0.0009129642 0.0000000000 0.0000000000 0.0002251272
0.7635997534 -0.0753359646 -0.0006811543 0.0596326850 -0.0582845043 0.0427245777 0.2788727060 0.0026341059 0.0029146982 1.6092230144 0.2656562614 -0.9640647443 0.0024330016 0.9640592853 0.2656424495 -0.0048768327 0.0040552739 0.0036411189 0.9999851484 -0.2696542440 -0.0784829581 0.4942337378 -0.0021860523 0.0016010965 0.0097542387 -0.2913994193 -0.0111718178 0.0000000000 0.0000000000 0.0000000000 0.0000000000 0.0000000000 0.0000000000 0.5314241093 -0.8471048864 0.0009293530 0.0000000000 0.0000000000 0.0002609977
0.7960802913 -0.0454377979 -0.0063680666 0.0277326424 -0.0582671380 0.0427428221 0.2877270534 0.0040906868 0.0041738352 1.8795087160 0.2681189581 -0.9633817205 0.0028080031 0.9633709997 0.2680975331 -0.0063269111 0.0053424118 0.0044015135 0.9999760424 -0.3003228682 -0.0780950358 0.5199886640 -0.0024773292 0.0018146902 0.0111702848 -0.2888472676 -0.0126198251 0.0000000000 0.0000000000 0.0000000000 0.0000000000 0.0000000000 0.0000000000 0.5314250925 -0.8471043553 0.0008894709 0.0000000000 0.0000000000 0.0002758550
0.8255734444 -0.0207156707 -0.0089894421 -0.0027870538 -0.0582411216 0.0427681855 0.2979511953 0.0060097993 0.0057104365 2.1558283370 0.2706684107 -0.9626673410 0.0031940469 0.9626490371 0.2706370511 -0.0079004992 0.0067411251 0.0052131617 0.9999636894 -0.3201371197 -0.0837294677 0.5333038514 -0.0027684835 0.0020283824 0.0126339570 -0.2862038016 -0.0140544791 0.0000000000 0.0000000000 0.0000000000 0.0000000000 0.0000000000 0.0000000000 0.5314259608 -0.8471039240 0.0008337111 0.0000000000 0.0000000000 0.0002757621
0.8527703881 -0.0018820144 -0.0099824853 -0.0320326947 -0.0582040123 0.0428021284 0.3095735520 0.0084321896 0.0075494332 2.4376142863 0.2732462091 -0.9619373343 0.0036158194 0.9619092443 0.2732023570 -0.0095434734 0.0081923730 0.0060858080 0.9999479226 -0.3299428628 -0.0929381364 0.5346820815 -0.0030594652 0.0022422120 0.0141521748 -0.2835297883 -0.0154754780 0.0000000000 0.0000000000 0.0000000000 0.0000000000 0.0000000000 0.0000000000 0.5314269086 -0.8471033911 0.0008017029 0.0000000000 0.0000000000 0.0002748129
0.8795588017 0.0085934075 -0.0118977102 -0.0604990609 -0.0581532185 0.0428462433 0.3226200732 0.0113807805 0.0097176322 2.7244226685 0.2757965856 -0.9612073449 0.0040845319 0.9611675715 0.2757375283 -0.0112122725 0.0096510599 0.0070182261 0.9999287982 -0.3319682373 -0.1035892679 0.5246266560 -0.0033502125 0.0024562264 0.0157319885 -0.2808834016 -0.0168828201 0.0000000000 0.0000000000 0.0000000000 0.0000000000 0.0000000000 0.0000000000 0.5314282199 -0.8471025405 0.0008163697 0.0000000000 0.0000000000 0.0002838507
0.9023073912 0.0164995119 -0.0126097593 -0.0875701085 -0.0580860724 0.0429022592 0.3371153013 0.0148666742 0.0122429791 3.0161092787 0.2782659458 -0.9604930121 0.0046083658 0.9604400897 0.2781888326 -0.0128766305 0.0110859177 0.0080091870 0.9999064733 -0.3292663302 -0.1161371991 0.5034779483 -0.0036406503 0.0026704799 0.0173805803 -0.2783208191 -0.0182767864 0.0000000000 0.0000000000 0.0000000000 0.0000000000 0.0000000000 0.0000000000 0.5314302442 -0.8471011152 0.0008932828 0.0000000000 0.0000000000 0.0003113410
0.9213560820 0.0254033376 -0.0176633038 -0.1135891601 -0.0579999162 0.0429720179 0.3530799405 0.0188770592 0.0151414658 3.3112145146 0.2806059570 -0.9598091394 0.0051684542 0.9597416942 0.2805079918 -0.0145308977 0.0124970958 0.0090378374 0.9998810630 -0.3284668728 -0.1186436274 0.4731882569 -0.0039306907 0.0028850376 0.0191052407 -0.2758924663 -0.0196579248 0.0000000000 0.0000000000 0.0000000000 0.0000000000 0.0000000000 0.0000000000 0.5314330227 -0.8470990986 0.0010146952 0.0000000000 0.0000000000 0.0003535254
0.9370067716 0.0342671759 -0.0243246164 -0.1390792429 -0.0578922471 0.0430573350 0.3705206949 0.0233674652 0.0183904181 3.6059438562 0.2827874853 -0.9591655049 0.0057247207 0.9590817929 0.2826662105 -0.0161841873 0.0139051291 0.0100671611 0.9998526390 -0.3280263355 -0.1178250525 0.4394900978 -0.0042202314 0.0030999721 0.0209133290 -0.2736286521 -0.0210269839 0.0000000000 0.0000000000 0.0000000000 0.0000000000 0.0000000000 0.0000000000 0.5314361715 -0.8470968088 0.0011383392 0.0000000000 0.0000000000 0.0003958155
0.9497448206 0.0427462868 -0.0312201735 -0.1640478224 -0.0577607335 0.0431599152 0.3894308939 0.0283208902 0.0219780044 3.8992391945 0.2847999479 -0.9585664352 0.0062752723 0.9584647093 0.2846529665 -0.0178350665 0.0153098212 0.0110940530 0.9998212497 -0.3275230267 -0.1168440219 0.4033594725 -0.0045091603 0.0033153654 0.0228122082 -0.2715406716 -0.0223848224 0.0000000000 0.0000000000 0.0000000000 0.0000000000 0.0000000000 0.0000000000 0.5314396601 -0.8470942706 0.0012616881 0.0000000000 0.0000000000 0.0004377091
